125 736 5
4 0
5 1
7 3
8 3
8 5
10 1
12 4
13 6
13 8
13 12
14 7
15 9
15 11
16 1
17 11
18 4
18 7
18 10
20 6
20 7
21 16
22 12
23 20
24 2
24 9
26 1
26 5
27 8
27 16
27 18
28 0
28 23
29 4
29 14
29 27
30 9
30 26
31 1
31 10
31 17
32 9
33 11
33 31
34 2
34 4
34 11
34 14
34 15
34 23
35 19
35 26
35 34
36 12
36 21
37 2
37 3
37 5
37 16
38 25
39 1
39 36
40 2
40 6
40 15
40 21
40 34
41 5
41 6
41 7
41 11
41 18
41 24
42 28
42 32
42 34
43 0
43 33
44 15
44 23
45 1
45 9
45 11
45 12
45 24
45 25
45 35
46 11
46 19
46 29
46 35
46 45
47 18
47 23
48 8
48 36
48 42
49 21
49 22
49 23
49 31
49 40
49 46
50 6
50 16
50 26
50 34
50 40
50 41
50 47
51 8
51 11
51 13
51 16
51 27
51 47
51 48
52 0
52 27
52 29
52 43
53 21
53 28
53 47
54 14
54 24
54 42
54 48
54 49
54 53
55 2
55 5
55 34
55 37
55 43
56 7
56 13
56 25
56 29
56 35
56 42
56 49
57 7
57 16
57 48
57 51
57 54
58 15
58 36
58 41
58 50
58 56
59 55
59 56
60 8
60 13
60 16
60 30
60 35
60 46
60 51
60 57
61 2
61 7
61 9
61 15
61 23
61 31
61 36
61 44
61 52
61 53
61 54
61 55
62 2
62 10
62 23
62 28
62 29
62 32
62 34
62 37
62 38
62 50
62 51
63 28
63 41
63 44
63 54
63 56
63 57
64 4
64 7
64 20
64 25
64 35
64 36
64 47
64 57
65 8
65 13
65 14
65 17
65 18
65 27
65 36
65 61
65 63
66 5
66 9
66 10
66 21
66 30
66 34
66 36
66 44
66 46
67 21
67 34
67 42
67 52
68 3
68 5
68 14
68 24
68 28
68 58
68 62
68 64
68 66
69 26
69 27
69 30
69 31
69 33
70 10
70 22
70 39
70 55
71 3
71 11
71 25
71 38
71 39
72 6
72 8
72 11
72 23
72 47
72 49
72 50
72 71
73 20
73 24
73 27
73 30
73 38
73 58
73 65
74 5
74 17
74 61
74 64
74 65
75 13
75 23
75 29
75 31
75 34
75 39
76 4
76 6
76 8
76 10
76 36
76 54
76 57
76 59
76 60
76 63
76 68
77 15
77 42
77 48
77 68
77 71
78 0
78 1
78 13
78 38
78 68
78 73
79 0
79 13
79 40
79 51
79 67
79 75
80 9
80 19
80 27
81 4
81 5
81 21
81 25
81 36
81 39
81 50
81 57
81 73
81 77
81 79
81 80
82 12
82 44
82 49
82 53
82 68
82 75
83 4
83 8
83 12
83 16
83 17
83 20
83 23
83 41
83 48
83 52
83 55
83 56
83 62
83 76
83 77
84 19
84 21
84 30
84 31
84 39
84 64
84 78
85 13
85 21
85 31
85 32
85 47
85 67
85 80
85 81
86 9
86 13
86 15
86 43
86 70
86 71
86 75
87 2
87 10
87 23
87 25
87 36
87 37
87 41
88 40
88 44
88 50
88 61
88 73
88 78
88 83
89 17
89 21
89 43
89 52
89 61
89 69
90 8
90 21
90 23
90 30
90 35
90 45
90 49
90 52
90 63
90 67
90 71
90 77
90 79
90 80
90 87
91 4
91 14
91 20
91 26
91 39
91 51
91 61
91 72
91 73
91 85
92 14
92 25
92 32
92 44
92 47
92 58
92 60
92 69
92 82
92 90
93 16
93 37
93 38
93 69
93 70
93 75
93 80
93 89
94 59
94 60
94 76
94 83
94 91
94 93
95 8
95 10
95 12
95 34
95 60
95 68
95 74
95 76
95 90
96 19
96 43
96 53
96 54
96 57
96 67
96 68
96 72
96 76
96 79
96 83
96 89
96 92
96 95
97 6
97 15
97 16
97 18
97 22
97 26
97 31
97 48
97 70
97 74
97 82
97 88
98 3
98 12
98 16
98 26
98 46
98 48
98 55
98 68
98 75
98 88
99 8
99 11
99 13
99 47
99 57
99 84
100 8
100 12
100 31
100 57
100 65
100 76
100 83
100 96
101 16
101 19
101 35
101 41
101 51
101 65
101 83
101 85
102 7
102 10
102 11
102 13
102 26
102 31
102 33
102 35
102 37
102 46
102 58
102 64
102 68
103 15
103 48
103 73
103 75
103 82
103 84
103 101
104 1
104 3
104 7
104 15
104 31
104 38
104 46
104 55
104 72
104 79
104 82
104 87
104 103
105 10
105 15
105 24
105 26
105 41
105 45
105 50
105 63
105 69
105 76
105 79
105 81
105 87
105 92
105 99
106 41
106 44
106 48
106 50
106 71
106 73
106 76
106 87
107 40
107 41
107 50
107 57
107 63
107 65
107 82
108 5
108 68
108 74
109 7
109 9
109 22
109 40
109 48
109 49
109 59
109 70
109 75
109 76
109 77
109 83
109 88
109 96
109 107
110 8
110 24
110 39
110 45
110 47
110 51
110 52
110 60
110 61
110 78
110 97
111 2
111 16
111 23
111 31
111 53
111 57
111 65
111 77
112 0
112 3
112 16
112 18
112 22
112 52
112 70
112 71
112 95
112 107
112 111
113 15
113 17
113 18
113 48
113 50
113 56
113 79
113 82
113 93
113 97
114 2
114 22
114 30
114 46
114 52
114 63
114 77
114 88
114 91
114 92
114 99
114 102
114 108
114 109
114 113
115 2
115 12
115 14
115 25
115 26
115 37
115 66
115 67
115 83
115 106
116 25
116 34
116 49
116 50
116 79
116 81
116 95
116 102
117 4
117 9
117 28
117 51
117 53
117 55
117 69
117 92
117 108
117 109
117 114
118 12
118 30
118 39
118 54
118 57
118 63
118 67
118 70
118 107
118 113
118 115
118 116
118 117
119 0
119 5
119 21
119 23
119 26
119 43
119 46
119 90
119 98
120 4
120 10
120 32
120 51
120 63
120 92
120 112
120 117
121 10
121 16
121 40
121 41
121 43
121 44
121 50
121 52
121 58
121 65
121 83
121 88
121 95
121 100
121 103
121 106
121 107
122 0
122 5
122 17
122 22
122 62
122 80
122 82
122 87
122 91
122 92
122 115
123 19
123 26
123 32
123 39
123 46
123 54
123 62
123 71
123 101
123 104
123 109
123 116
123 121
124 33
124 48
124 59
124 61
124 79
124 84
124 98
124 104
124 109
