125 3891 17
1 0
2 0
3 0
3 1
3 2
4 0
4 1
4 2
5 0
5 1
5 2
5 3
6 1
6 2
6 5
7 2
7 4
8 4
9 0
9 1
9 2
9 3
9 5
9 6
9 7
10 0
10 1
10 4
10 5
10 7
10 8
11 0
11 3
11 4
11 6
11 7
11 8
11 10
12 0
12 1
12 2
12 4
12 7
12 8
12 10
12 11
13 1
13 2
13 3
13 6
13 7
13 9
14 0
14 1
14 4
14 7
14 9
14 11
14 12
15 0
15 3
15 4
15 7
15 8
15 9
15 12
16 0
16 2
16 3
16 4
16 5
16 7
16 8
16 9
16 11
16 12
16 14
16 15
17 0
17 1
17 2
17 3
17 5
17 6
17 7
17 11
17 12
17 14
18 5
18 6
18 9
18 14
18 15
18 17
19 4
19 6
19 10
19 11
19 12
19 13
19 16
19 17
19 18
20 0
20 1
20 3
20 5
20 6
20 7
20 8
20 9
20 11
20 12
20 14
20 15
20 17
21 0
21 8
21 10
21 12
21 14
21 15
21 16
21 17
21 18
21 20
22 1
22 3
22 5
22 8
22 10
22 15
22 16
22 17
22 18
22 19
22 21
23 2
23 3
23 4
23 6
23 7
23 8
23 11
23 12
23 13
23 15
23 18
23 19
23 20
23 21
23 22
24 0
24 2
24 3
24 6
24 8
24 9
24 10
24 12
24 15
24 16
24 17
24 19
24 21
24 22
24 23
25 0
25 1
25 5
25 6
25 7
25 9
25 11
25 14
25 15
25 16
25 17
25 18
25 19
25 20
25 22
25 23
25 24
26 0
26 1
26 3
26 8
26 9
26 15
26 16
26 17
26 18
26 19
26 20
26 22
26 24
27 0
27 1
27 2
27 5
27 9
27 10
27 17
27 21
27 22
27 23
27 25
28 0
28 3
28 5
28 7
28 9
28 12
28 13
28 14
28 15
28 16
28 20
28 21
28 22
28 23
28 24
28 26
28 27
29 0
29 1
29 2
29 3
29 4
29 9
29 10
29 11
29 14
29 15
29 16
29 17
29 19
29 22
29 24
29 25
29 26
29 27
30 1
30 4
30 6
30 9
30 10
30 13
30 14
30 15
30 17
30 18
30 19
30 20
30 22
30 24
30 28
31 0
31 1
31 2
31 3
31 6
31 8
31 10
31 11
31 16
31 17
31 24
31 27
31 28
32 0
32 1
32 2
32 7
32 9
32 11
32 12
32 14
32 15
32 18
32 20
32 21
32 23
32 25
32 26
32 27
32 28
32 31
33 1
33 2
33 3
33 5
33 8
33 10
33 11
33 15
33 16
33 18
33 19
33 21
33 23
33 24
33 25
33 27
33 32
34 1
34 3
34 4
34 6
34 7
34 8
34 12
34 13
34 16
34 17
34 18
34 22
34 23
34 24
34 26
34 29
34 31
34 33
35 0
35 2
35 5
35 6
35 7
35 9
35 11
35 12
35 14
35 15
35 16
35 17
35 21
35 25
35 27
35 29
35 30
35 31
35 32
35 33
36 0
36 1
36 2
36 5
36 6
36 8
36 9
36 10
36 13
36 14
36 15
36 18
36 20
36 21
36 24
36 29
36 30
36 31
36 32
36 35
37 0
37 5
37 6
37 7
37 8
37 9
37 13
37 15
37 18
37 20
37 21
37 22
37 23
37 25
37 27
37 28
37 29
37 30
37 31
37 34
38 1
38 3
38 6
38 11
38 12
38 13
38 15
38 16
38 17
38 18
38 24
38 26
38 27
38 34
39 0
39 1
39 2
39 3
39 6
39 8
39 9
39 10
39 13
39 18
39 20
39 24
39 25
39 26
39 28
39 32
39 36
39 37
40 2
40 3
40 4
40 9
40 10
40 11
40 12
40 14
40 18
40 19
40 20
40 21
40 23
40 25
40 29
40 30
40 32
40 34
40 39
41 1
41 2
41 5
41 13
41 15
41 19
41 23
41 24
41 25
41 27
41 32
41 33
41 35
41 37
41 39
42 2
42 3
42 6
42 7
42 10
42 11
42 12
42 13
42 14
42 16
42 17
42 19
42 22
42 23
42 24
42 25
42 30
42 31
42 32
42 36
42 37
42 38
43 1
43 2
43 4
43 5
43 6
43 9
43 13
43 19
43 20
43 22
43 23
43 24
43 25
43 27
43 28
43 33
43 34
43 35
43 37
43 38
43 39
43 40
43 41
43 42
44 0
44 2
44 3
44 6
44 7
44 9
44 10
44 11
44 15
44 17
44 18
44 19
44 20
44 21
44 22
44 23
44 25
44 26
44 27
44 29
44 30
44 32
44 34
44 36
44 37
44 38
44 39
44 40
44 42
44 43
45 0
45 1
45 3
45 5
45 6
45 8
45 10
45 11
45 13
45 17
45 20
45 22
45 24
45 25
45 28
45 29
45 30
45 32
45 33
45 34
45 36
46 0
46 3
46 4
46 5
46 6
46 8
46 12
46 13
46 14
46 16
46 19
46 20
46 21
46 22
46 23
46 25
46 26
46 27
46 28
46 31
46 32
46 33
46 35
46 41
46 45
47 4
47 5
47 7
47 9
47 10
47 11
47 12
47 13
47 15
47 17
47 20
47 23
47 24
47 25
47 30
47 31
47 32
47 33
47 35
47 36
47 38
47 39
47 44
47 45
48 0
48 1
48 2
48 5
48 8
48 10
48 18
48 21
48 22
48 23
48 24
48 29
48 32
48 33
48 35
48 37
48 39
48 41
48 46
48 47
49 1
49 2
49 6
49 7
49 8
49 9
49 11
49 12
49 13
49 16
49 17
49 19
49 21
49 23
49 25
49 27
49 30
49 33
49 35
49 40
49 41
49 42
49 43
49 47
49 48
50 3
50 4
50 5
50 6
50 8
50 11
50 13
50 14
50 15
50 17
50 19
50 20
50 22
50 23
50 26
50 32
50 37
50 38
50 39
50 41
50 43
50 44
50 45
50 46
50 47
50 49
51 3
51 5
51 6
51 8
51 10
51 14
51 18
51 19
51 20
51 24
51 25
51 26
51 27
51 28
51 29
51 31
51 32
51 33
51 37
51 38
51 39
51 41
51 43
51 45
51 46
51 47
51 48
52 5
52 11
52 15
52 18
52 20
52 24
52 25
52 29
52 31
52 33
52 34
52 35
52 39
52 40
52 41
52 42
52 43
52 45
52 46
52 48
52 49
52 51
53 0
53 1
53 2
53 4
53 5
53 7
53 8
53 10
53 11
53 12
53 14
53 15
53 17
53 20
53 22
53 23
53 25
53 26
53 27
53 30
53 32
53 36
53 37
53 38
53 44
53 45
53 46
53 47
53 48
53 49
54 1
54 3
54 4
54 5
54 8
54 10
54 13
54 14
54 15
54 17
54 20
54 21
54 22
54 23
54 24
54 25
54 27
54 28
54 31
54 33
54 34
54 35
54 37
54 41
54 46
54 49
54 50
54 53
55 0
55 1
55 3
55 5
55 7
55 8
55 16
55 18
55 19
55 21
55 22
55 23
55 27
55 33
55 34
55 35
55 36
55 38
55 39
55 41
55 42
55 43
55 44
55 45
55 47
55 50
55 51
55 52
55 53
56 0
56 1
56 2
56 6
56 8
56 10
56 11
56 13
56 14
56 15
56 16
56 17
56 21
56 25
56 27
56 28
56 33
56 35
56 37
56 38
56 40
56 41
56 42
56 43
56 46
56 47
56 48
56 49
56 51
56 53
56 54
56 55
57 0
57 1
57 3
57 5
57 6
57 7
57 9
57 10
57 15
57 16
57 20
57 21
57 22
57 23
57 25
57 27
57 28
57 29
57 30
57 32
57 33
57 34
57 35
57 36
57 38
57 39
57 40
57 42
57 43
57 45
57 47
57 50
57 52
57 55
58 0
58 1
58 2
58 4
58 5
58 6
58 7
58 8
58 10
58 11
58 12
58 14
58 15
58 17
58 18
58 22
58 25
58 26
58 27
58 28
58 30
58 31
58 33
58 37
58 39
58 40
58 44
58 45
58 46
58 48
58 49
58 50
58 52
58 53
59 0
59 1
59 2
59 3
59 5
59 9
59 12
59 15
59 17
59 18
59 19
59 20
59 21
59 24
59 25
59 28
59 34
59 37
59 38
59 39
59 41
59 42
59 43
59 45
59 47
59 49
59 52
59 53
59 55
59 57
60 0
60 1
60 2
60 3
60 4
60 5
60 6
60 7
60 10
60 13
60 16
60 18
60 20
60 21
60 22
60 24
60 25
60 30
60 32
60 40
60 43
60 44
60 45
60 46
60 48
60 49
60 50
60 53
60 54
60 55
60 56
60 58
60 59
61 0
61 1
61 4
61 10
61 11
61 16
61 17
61 19
61 20
61 21
61 23
61 25
61 28
61 29
61 30
61 31
61 32
61 33
61 34
61 37
61 38
61 39
61 41
61 44
61 46
61 48
61 50
61 53
61 54
61 55
61 56
62 3
62 6
62 11
62 12
62 14
62 20
62 21
62 23
62 25
62 26
62 28
62 29
62 30
62 31
62 34
62 35
62 36
62 37
62 38
62 39
62 40
62 41
62 44
62 46
62 47
62 48
62 49
62 50
62 59
63 1
63 2
63 7
63 8
63 9
63 11
63 12
63 13
63 16
63 17
63 18
63 20
63 21
63 24
63 25
63 30
63 31
63 37
63 39
63 41
63 43
63 45
63 46
63 47
63 50
63 51
63 52
63 55
63 56
63 57
63 58
63 62
64 2
64 4
64 5
64 6
64 8
64 11
64 12
64 13
64 14
64 15
64 16
64 18
64 20
64 21
64 22
64 24
64 27
64 29
64 30
64 32
64 36
64 38
64 42
64 43
64 45
64 47
64 49
64 50
64 51
64 53
64 54
64 55
64 56
64 58
64 59
64 60
64 61
64 62
64 63
65 1
65 2
65 3
65 4
65 5
65 8
65 9
65 13
65 14
65 18
65 19
65 20
65 22
65 23
65 25
65 26
65 27
65 28
65 30
65 31
65 32
65 35
65 37
65 38
65 41
65 42
65 44
65 47
65 50
65 52
65 54
65 55
65 57
65 64
66 0
66 1
66 3
66 4
66 5
66 6
66 8
66 9
66 10
66 13
66 14
66 16
66 17
66 19
66 22
66 23
66 24
66 27
66 31
66 33
66 34
66 35
66 36
66 38
66 39
66 41
66 44
66 46
66 47
66 48
66 49
66 50
66 57
66 60
66 62
67 1
67 3
67 6
67 9
67 10
67 16
67 19
67 22
67 23
67 25
67 29
67 30
67 31
67 32
67 35
67 36
67 37
67 38
67 39
67 42
67 44
67 45
67 47
67 48
67 52
67 55
67 57
67 60
68 0
68 2
68 7
68 8
68 12
68 15
68 16
68 18
68 19
68 21
68 23
68 25
68 26
68 27
68 28
68 34
68 35
68 37
68 38
68 43
68 46
68 47
68 53
68 57
68 58
68 59
68 63
68 64
68 65
68 67
69 1
69 12
69 13
69 14
69 19
69 22
69 23
69 25
69 27
69 28
69 29
69 30
69 33
69 37
69 39
69 41
69 43
69 44
69 46
69 47
69 50
69 52
69 53
69 54
69 56
69 58
69 62
69 65
70 0
70 2
70 3
70 4
70 8
70 9
70 10
70 13
70 20
70 22
70 26
70 27
70 29
70 31
70 34
70 36
70 37
70 39
70 43
70 44
70 45
70 47
70 48
70 51
70 52
70 53
70 55
70 57
70 58
70 65
70 68
71 1
71 5
71 6
71 7
71 8
71 9
71 11
71 13
71 17
71 18
71 22
71 23
71 26
71 27
71 31
71 32
71 33
71 34
71 35
71 36
71 38
71 41
71 43
71 44
71 48
71 51
71 53
71 54
71 56
71 63
71 65
71 66
71 70
72 1
72 3
72 7
72 8
72 10
72 15
72 16
72 17
72 18
72 21
72 22
72 24
72 26
72 29
72 30
72 33
72 34
72 35
72 38
72 39
72 44
72 45
72 46
72 49
72 50
72 51
72 54
72 56
72 60
72 61
72 64
72 66
72 67
73 1
73 2
73 7
73 8
73 9
73 11
73 12
73 13
73 14
73 16
73 17
73 18
73 20
73 21
73 23
73 27
73 28
73 29
73 30
73 35
73 36
73 40
73 44
73 45
73 47
73 48
73 49
73 50
73 51
73 52
73 53
73 54
73 57
73 58
73 61
73 65
73 66
73 67
73 72
74 1
74 5
74 7
74 8
74 10
74 11
74 12
74 13
74 14
74 16
74 19
74 20
74 26
74 27
74 29
74 31
74 35
74 36
74 38
74 40
74 41
74 42
74 49
74 50
74 55
74 58
74 59
74 61
74 63
74 67
74 70
74 71
74 72
75 1
75 3
75 4
75 7
75 11
75 12
75 15
75 16
75 17
75 19
75 21
75 22
75 23
75 25
75 26
75 28
75 29
75 33
75 34
75 37
75 39
75 40
75 41
75 42
75 53
75 55
75 56
75 57
75 59
75 60
75 63
75 67
75 74
76 3
76 4
76 7
76 8
76 11
76 13
76 14
76 16
76 17
76 29
76 30
76 32
76 34
76 37
76 38
76 39
76 41
76 46
76 47
76 48
76 50
76 51
76 54
76 56
76 59
76 61
76 62
76 65
76 69
76 70
76 71
76 73
76 74
76 75
77 1
77 2
77 4
77 6
77 7
77 8
77 12
77 13
77 14
77 16
77 20
77 22
77 23
77 25
77 26
77 28
77 31
77 32
77 34
77 36
77 37
77 38
77 39
77 42
77 43
77 44
77 45
77 46
77 47
77 48
77 51
77 56
77 57
77 59
77 61
77 62
77 64
77 65
77 67
77 68
77 69
77 73
77 76
78 1
78 2
78 3
78 4
78 6
78 9
78 10
78 11
78 13
78 16
78 17
78 18
78 19
78 20
78 21
78 23
78 24
78 26
78 27
78 28
78 29
78 30
78 32
78 34
78 39
78 41
78 42
78 45
78 46
78 47
78 48
78 49
78 50
78 52
78 53
78 57
78 58
78 59
78 62
78 63
78 64
78 66
78 67
78 74
78 75
78 76
79 0
79 2
79 5
79 7
79 15
79 18
79 22
79 23
79 26
79 32
79 34
79 35
79 36
79 43
79 44
79 45
79 48
79 49
79 50
79 53
79 54
79 55
79 57
79 58
79 59
79 62
79 63
79 67
79 68
79 71
79 73
79 75
79 77
79 78
80 0
80 2
80 3
80 5
80 6
80 8
80 9
80 11
80 12
80 14
80 15
80 17
80 18
80 20
80 24
80 27
80 30
80 35
80 41
80 44
80 46
80 50
80 51
80 52
80 53
80 55
80 56
80 58
80 59
80 62
80 64
80 69
80 70
80 75
80 77
80 79
81 0
81 1
81 2
81 5
81 6
81 7
81 8
81 10
81 14
81 16
81 18
81 19
81 22
81 23
81 32
81 35
81 36
81 40
81 41
81 43
81 44
81 45
81 46
81 47
81 48
81 50
81 52
81 53
81 54
81 57
81 58
81 59
81 60
81 61
81 63
81 65
81 66
81 67
81 70
81 71
81 73
81 74
81 76
82 0
82 2
82 6
82 7
82 8
82 10
82 12
82 14
82 15
82 18
82 19
82 20
82 25
82 26
82 27
82 30
82 31
82 32
82 34
82 36
82 39
82 41
82 42
82 43
82 44
82 47
82 48
82 49
82 53
82 55
82 56
82 58
82 61
82 63
82 64
82 68
82 71
82 73
82 74
82 80
82 81
83 0
83 2
83 4
83 5
83 7
83 8
83 9
83 12
83 13
83 15
83 16
83 17
83 18
83 19
83 24
83 26
83 28
83 30
83 31
83 32
83 33
83 34
83 37
83 39
83 41
83 42
83 44
83 45
83 47
83 50
83 53
83 55
83 60
83 63
83 67
83 69
83 70
83 71
83 74
83 76
83 77
83 79
83 80
83 81
83 82
84 2
84 3
84 5
84 7
84 8
84 9
84 10
84 11
84 12
84 15
84 16
84 17
84 20
84 21
84 24
84 25
84 29
84 32
84 33
84 34
84 35
84 36
84 45
84 46
84 48
84 49
84 50
84 51
84 53
84 54
84 57
84 59
84 60
84 62
84 63
84 65
84 66
84 69
84 70
84 72
84 73
84 76
84 77
84 78
84 79
84 80
84 82
84 83
85 4
85 6
85 7
85 8
85 10
85 14
85 15
85 17
85 24
85 25
85 27
85 30
85 32
85 33
85 34
85 37
85 38
85 39
85 40
85 41
85 45
85 52
85 54
85 57
85 61
85 63
85 64
85 67
85 69
85 70
85 71
85 72
85 74
85 78
85 79
85 81
85 84
86 2
86 3
86 4
86 6
86 8
86 9
86 10
86 11
86 12
86 15
86 17
86 18
86 19
86 20
86 21
86 22
86 23
86 25
86 26
86 27
86 29
86 30
86 33
86 34
86 37
86 39
86 40
86 41
86 43
86 46
86 48
86 52
86 54
86 55
86 57
86 58
86 60
86 61
86 64
86 68
86 69
86 79
86 82
86 83
86 84
86 85
87 4
87 8
87 9
87 10
87 12
87 17
87 18
87 20
87 22
87 23
87 25
87 27
87 28
87 29
87 30
87 32
87 35
87 36
87 39
87 42
87 47
87 51
87 52
87 58
87 65
87 66
87 67
87 68
87 69
87 70
87 72
87 78
87 79
87 80
87 81
88 1
88 2
88 5
88 9
88 10
88 11
88 12
88 13
88 14
88 15
88 17
88 24
88 26
88 27
88 32
88 37
88 38
88 39
88 46
88 48
88 49
88 50
88 52
88 53
88 56
88 57
88 58
88 59
88 60
88 65
88 70
88 71
88 75
88 76
88 77
88 78
88 79
88 80
88 81
88 83
88 84
89 3
89 5
89 7
89 8
89 10
89 11
89 13
89 16
89 18
89 19
89 21
89 25
89 27
89 32
89 33
89 39
89 40
89 45
89 47
89 51
89 53
89 54
89 55
89 56
89 58
89 61
89 62
89 65
89 67
89 68
89 69
89 77
89 78
89 80
89 81
89 82
89 87
90 0
90 1
90 2
90 4
90 5
90 9
90 10
90 13
90 15
90 16
90 17
90 20
90 21
90 23
90 28
90 33
90 37
90 39
90 41
90 42
90 43
90 45
90 46
90 47
90 49
90 50
90 51
90 58
90 59
90 60
90 61
90 62
90 64
90 65
90 67
90 68
90 69
90 71
90 72
90 73
90 74
90 76
90 78
90 79
90 82
90 83
90 85
90 87
90 88
90 89
91 0
91 3
91 4
91 5
91 6
91 9
91 11
91 14
91 17
91 18
91 19
91 26
91 27
91 28
91 32
91 33
91 34
91 37
91 39
91 43
91 44
91 47
91 48
91 49
91 53
91 56
91 61
91 62
91 66
91 67
91 69
91 70
91 74
91 75
91 77
91 78
91 81
91 82
91 83
91 85
91 87
92 0
92 3
92 4
92 6
92 10
92 12
92 13
92 14
92 16
92 17
92 18
92 20
92 23
92 24
92 28
92 29
92 31
92 33
92 35
92 36
92 39
92 40
92 43
92 44
92 48
92 50
92 52
92 54
92 55
92 56
92 58
92 59
92 61
92 63
92 64
92 67
92 68
92 69
92 75
92 76
92 77
92 78
92 79
92 82
92 83
92 84
92 86
92 89
92 90
92 91
93 0
93 1
93 2
93 3
93 6
93 9
93 12
93 13
93 14
93 17
93 22
93 25
93 27
93 28
93 30
93 31
93 37
93 39
93 43
93 44
93 45
93 46
93 47
93 49
93 52
93 53
93 54
93 56
93 58
93 59
93 62
93 65
93 67
93 68
93 69
93 70
93 71
93 76
93 78
93 79
93 80
93 85
93 86
93 87
93 89
93 90
93 91
94 0
94 5
94 6
94 7
94 9
94 13
94 19
94 21
94 23
94 24
94 25
94 26
94 27
94 28
94 29
94 32
94 33
94 34
94 37
94 39
94 40
94 41
94 45
94 47
94 50
94 51
94 53
94 55
94 57
94 60
94 62
94 66
94 68
94 71
94 72
94 73
94 74
94 75
94 78
94 81
94 82
94 83
94 84
94 85
94 86
94 87
94 92
94 93
95 0
95 3
95 4
95 5
95 6
95 7
95 8
95 9
95 15
95 21
95 22
95 23
95 26
95 28
95 29
95 32
95 33
95 34
95 35
95 36
95 39
95 44
95 46
95 47
95 48
95 50
95 53
95 55
95 56
95 57
95 59
95 61
95 63
95 64
95 65
95 69
95 70
95 79
95 80
95 82
95 86
95 89
95 90
95 91
95 92
96 0
96 2
96 9
96 11
96 13
96 16
96 17
96 18
96 21
96 22
96 25
96 27
96 29
96 32
96 34
96 35
96 36
96 41
96 42
96 46
96 47
96 48
96 51
96 52
96 53
96 54
96 57
96 58
96 59
96 60
96 62
96 65
96 66
96 68
96 75
96 78
96 83
96 84
96 85
96 92
96 93
97 0
97 1
97 4
97 5
97 11
97 12
97 13
97 14
97 16
97 18
97 20
97 21
97 22
97 23
97 26
97 27
97 29
97 30
97 31
97 32
97 34
97 38
97 40
97 41
97 43
97 46
97 48
97 51
97 53
97 57
97 58
97 59
97 60
97 64
97 65
97 66
97 67
97 68
97 69
97 70
97 77
97 78
97 79
97 80
97 82
97 83
97 84
97 87
97 91
97 92
97 95
98 0
98 5
98 6
98 7
98 10
98 12
98 15
98 17
98 21
98 22
98 23
98 24
98 25
98 26
98 28
98 29
98 31
98 32
98 33
98 34
98 35
98 36
98 38
98 41
98 42
98 47
98 49
98 50
98 51
98 52
98 53
98 55
98 56
98 58
98 59
98 62
98 65
98 66
98 67
98 68
98 69
98 71
98 72
98 78
98 83
98 84
98 85
98 86
98 89
98 96
99 0
99 1
99 4
99 5
99 6
99 7
99 8
99 12
99 13
99 14
99 15
99 16
99 17
99 18
99 19
99 20
99 21
99 23
99 25
99 30
99 32
99 33
99 34
99 36
99 37
99 38
99 39
99 40
99 43
99 45
99 46
99 49
99 50
99 54
99 55
99 56
99 57
99 58
99 59
99 62
99 63
99 68
99 69
99 70
99 73
99 76
99 77
99 79
99 80
99 82
99 83
99 85
99 86
99 88
99 90
99 91
99 92
99 95
99 97
100 0
100 2
100 3
100 4
100 5
100 7
100 9
100 15
100 17
100 18
100 19
100 23
100 25
100 27
100 28
100 30
100 31
100 35
100 37
100 38
100 39
100 43
100 50
100 51
100 52
100 54
100 56
100 59
100 61
100 63
100 66
100 67
100 68
100 72
100 75
100 79
100 80
100 81
100 82
100 84
100 85
100 87
100 88
100 90
100 91
100 93
100 96
100 99
101 1
101 4
101 9
101 10
101 12
101 15
101 16
101 18
101 19
101 21
101 23
101 27
101 29
101 30
101 32
101 33
101 35
101 36
101 37
101 41
101 42
101 46
101 47
101 48
101 50
101 53
101 54
101 59
101 60
101 62
101 64
101 65
101 66
101 68
101 69
101 70
101 73
101 75
101 80
101 81
101 82
101 83
101 85
101 86
101 87
101 88
101 91
101 92
101 93
101 94
101 95
101 96
101 99
102 0
102 3
102 4
102 5
102 9
102 10
102 11
102 12
102 14
102 16
102 17
102 18
102 21
102 22
102 24
102 25
102 26
102 32
102 34
102 35
102 36
102 38
102 44
102 46
102 48
102 52
102 53
102 56
102 57
102 58
102 59
102 66
102 68
102 70
102 71
102 72
102 73
102 74
102 75
102 76
102 78
102 79
102 84
102 85
102 87
102 91
102 92
102 93
102 95
102 96
102 97
102 98
102 99
102 100
102 101
103 0
103 1
103 3
103 4
103 7
103 10
103 11
103 13
103 14
103 16
103 17
103 18
103 20
103 21
103 23
103 24
103 26
103 27
103 29
103 30
103 34
103 35
103 38
103 42
103 43
103 46
103 49
103 55
103 56
103 57
103 59
103 63
103 64
103 65
103 67
103 68
103 71
103 73
103 76
103 79
103 82
103 83
103 85
103 86
103 88
103 89
103 90
103 91
103 93
103 97
103 101
103 102
104 0
104 1
104 2
104 3
104 7
104 9
104 10
104 11
104 13
104 14
104 15
104 16
104 17
104 21
104 22
104 23
104 24
104 25
104 27
104 29
104 31
104 32
104 35
104 37
104 40
104 45
104 46
104 47
104 52
104 53
104 56
104 57
104 62
104 63
104 66
104 67
104 69
104 71
104 72
104 73
104 74
104 77
104 81
104 84
104 87
104 90
104 91
104 92
104 98
104 100
104 103
105 0
105 2
105 4
105 5
105 6
105 8
105 14
105 16
105 17
105 22
105 23
105 24
105 27
105 30
105 31
105 32
105 34
105 37
105 38
105 39
105 41
105 42
105 45
105 46
105 48
105 51
105 54
105 55
105 56
105 58
105 60
105 64
105 65
105 66
105 68
105 74
105 75
105 77
105 80
105 82
105 83
105 86
105 87
105 88
105 89
105 92
105 93
105 95
105 96
105 97
105 99
105 100
105 101
105 102
105 103
105 104
106 0
106 2
106 4
106 7
106 8
106 12
106 17
106 18
106 22
106 26
106 29
106 31
106 35
106 40
106 42
106 43
106 45
106 47
106 48
106 49
106 54
106 55
106 57
106 60
106 63
106 64
106 65
106 66
106 67
106 70
106 72
106 77
106 78
106 80
106 81
106 82
106 83
106 84
106 90
106 93
106 94
106 95
106 98
106 102
106 103
106 104
107 0
107 2
107 8
107 9
107 10
107 11
107 12
107 16
107 18
107 19
107 21
107 24
107 25
107 29
107 31
107 32
107 33
107 35
107 36
107 42
107 45
107 46
107 47
107 48
107 50
107 52
107 53
107 57
107 58
107 61
107 62
107 64
107 65
107 67
107 69
107 72
107 73
107 75
107 76
107 79
107 80
107 85
107 86
107 87
107 88
107 89
107 93
107 95
107 97
107 99
107 100
107 102
107 105
107 106
108 4
108 7
108 9
108 11
108 13
108 14
108 16
108 23
108 25
108 26
108 29
108 31
108 32
108 36
108 40
108 42
108 48
108 49
108 50
108 51
108 52
108 56
108 57
108 59
108 60
108 61
108 62
108 63
108 64
108 66
108 67
108 68
108 70
108 72
108 73
108 76
108 78
108 79
108 80
108 81
108 82
108 83
108 84
108 87
108 91
108 92
108 94
108 97
108 98
108 101
108 102
108 104
108 106
109 2
109 5
109 6
109 9
109 12
109 14
109 16
109 19
109 20
109 21
109 22
109 23
109 24
109 29
109 31
109 32
109 33
109 35
109 36
109 38
109 39
109 41
109 42
109 43
109 45
109 50
109 51
109 53
109 54
109 55
109 58
109 60
109 61
109 62
109 67
109 71
109 72
109 73
109 74
109 77
109 78
109 79
109 80
109 81
109 86
109 90
109 92
109 95
109 96
109 97
109 99
109 100
109 101
109 102
109 104
109 106
109 107
110 1
110 2
110 4
110 5
110 6
110 8
110 16
110 21
110 22
110 23
110 29
110 32
110 33
110 37
110 38
110 39
110 40
110 43
110 44
110 45
110 47
110 51
110 52
110 54
110 55
110 56
110 59
110 62
110 63
110 64
110 65
110 71
110 72
110 74
110 77
110 79
110 80
110 85
110 89
110 90
110 91
110 93
110 95
110 97
110 99
110 100
110 103
110 105
110 107
110 108
110 109
111 2
111 3
111 4
111 5
111 10
111 11
111 12
111 13
111 15
111 16
111 17
111 18
111 27
111 29
111 30
111 31
111 34
111 35
111 40
111 42
111 43
111 44
111 45
111 48
111 51
111 52
111 55
111 56
111 57
111 58
111 60
111 63
111 64
111 65
111 67
111 68
111 70
111 71
111 72
111 75
111 76
111 78
111 79
111 80
111 81
111 82
111 83
111 84
111 85
111 86
111 87
111 88
111 96
111 100
111 102
111 103
111 105
111 107
112 1
112 2
112 3
112 6
112 10
112 11
112 12
112 20
112 22
112 23
112 25
112 26
112 29
112 30
112 31
112 34
112 35
112 36
112 37
112 38
112 40
112 43
112 45
112 46
112 47
112 49
112 50
112 51
112 60
112 65
112 67
112 68
112 69
112 70
112 72
112 73
112 74
112 76
112 77
112 78
112 84
112 88
112 91
112 92
112 93
112 95
112 96
112 99
112 100
112 101
112 103
112 104
112 109
113 0
113 1
113 2
113 3
113 5
113 7
113 10
113 13
113 14
113 16
113 17
113 19
113 20
113 23
113 25
113 26
113 27
113 28
113 29
113 31
113 32
113 33
113 35
113 37
113 38
113 42
113 44
113 45
113 47
113 49
113 50
113 51
113 53
113 54
113 55
113 56
113 57
113 58
113 60
113 61
113 62
113 63
113 64
113 65
113 67
113 69
113 70
113 72
113 74
113 79
113 80
113 82
113 85
113 86
113 89
113 94
113 100
113 101
113 102
113 105
113 108
113 109
113 110
114 1
114 3
114 6
114 12
114 14
114 15
114 16
114 18
114 19
114 21
114 22
114 26
114 27
114 28
114 30
114 31
114 32
114 33
114 34
114 35
114 39
114 40
114 41
114 43
114 45
114 46
114 47
114 48
114 50
114 51
114 52
114 54
114 59
114 60
114 62
114 65
114 66
114 69
114 72
114 73
114 76
114 79
114 80
114 84
114 85
114 90
114 92
114 94
114 96
114 97
114 99
114 102
114 105
114 106
114 108
114 109
114 110
114 112
115 0
115 1
115 3
115 5
115 7
115 9
115 11
115 12
115 16
115 17
115 18
115 19
115 20
115 21
115 22
115 23
115 26
115 28
115 33
115 34
115 35
115 36
115 39
115 40
115 42
115 48
115 49
115 52
115 55
115 57
115 61
115 65
115 66
115 67
115 71
115 72
115 79
115 85
115 86
115 87
115 88
115 89
115 92
115 93
115 94
115 97
115 103
115 105
115 107
115 108
115 110
115 111
115 112
115 114
116 0
116 3
116 7
116 8
116 9
116 12
116 14
116 16
116 17
116 18
116 19
116 27
116 29
116 32
116 38
116 39
116 41
116 43
116 44
116 45
116 49
116 50
116 53
116 55
116 58
116 59
116 60
116 61
116 63
116 64
116 65
116 71
116 72
116 74
116 76
116 79
116 83
116 88
116 89
116 90
116 93
116 96
116 98
116 100
116 111
116 114
117 1
117 2
117 3
117 6
117 7
117 8
117 9
117 13
117 15
117 16
117 19
117 20
117 23
117 24
117 26
117 27
117 28
117 29
117 31
117 32
117 36
117 37
117 39
117 40
117 44
117 45
117 46
117 47
117 49
117 54
117 55
117 56
117 58
117 61
117 65
117 68
117 69
117 71
117 75
117 76
117 79
117 83
117 85
117 86
117 87
117 90
117 91
117 92
117 94
117 97
117 98
117 99
117 102
117 103
117 106
117 107
117 112
117 113
118 2
118 5
118 8
118 9
118 10
118 11
118 13
118 15
118 17
118 18
118 22
118 23
118 24
118 25
118 27
118 28
118 31
118 32
118 33
118 36
118 38
118 40
118 42
118 44
118 49
118 50
118 52
118 55
118 56
118 60
118 63
118 64
118 65
118 67
118 74
118 75
118 77
118 79
118 82
118 84
118 88
118 89
118 91
118 95
118 99
118 100
118 101
118 102
118 103
118 105
118 107
118 112
118 115
118 116
119 0
119 2
119 4
119 5
119 6
119 9
119 12
119 13
119 14
119 15
119 16
119 17
119 18
119 19
119 20
119 21
119 27
119 30
119 33
119 36
119 37
119 38
119 40
119 45
119 46
119 51
119 52
119 53
119 55
119 56
119 61
119 63
119 64
119 67
119 69
119 70
119 71
119 72
119 76
119 78
119 83
119 86
119 89
119 92
119 94
119 95
119 99
119 101
119 102
119 104
119 109
119 110
119 111
119 112
119 113
119 114
119 117
120 0
120 2
120 3
120 5
120 6
120 9
120 11
120 12
120 13
120 17
120 18
120 19
120 24
120 25
120 26
120 27
120 30
120 31
120 34
120 35
120 36
120 39
120 40
120 42
120 43
120 47
120 52
120 53
120 54
120 55
120 56
120 57
120 58
120 61
120 63
120 65
120 70
120 77
120 81
120 83
120 86
120 89
120 91
120 93
120 94
120 95
120 96
120 97
120 98
120 100
120 103
120 105
120 107
120 108
120 113
120 115
120 116
120 119
121 0
121 2
121 6
121 7
121 8
121 10
121 11
121 14
121 15
121 20
121 22
121 25
121 26
121 28
121 35
121 36
121 40
121 41
121 43
121 44
121 48
121 49
121 50
121 51
121 52
121 53
121 57
121 58
121 59
121 60
121 61
121 63
121 64
121 66
121 69
121 71
121 72
121 73
121 74
121 76
121 77
121 78
121 79
121 80
121 87
121 89
121 90
121 91
121 92
121 94
121 97
121 98
121 101
121 102
121 105
121 108
121 111
121 112
121 113
121 114
121 116
121 117
121 120
122 0
122 1
122 5
122 8
122 9
122 10
122 11
122 12
122 13
122 15
122 20
122 22
122 23
122 25
122 27
122 31
122 33
122 36
122 37
122 39
122 40
122 41
122 43
122 45
122 46
122 47
122 48
122 49
122 52
122 53
122 55
122 56
122 59
122 60
122 61
122 63
122 64
122 66
122 67
122 68
122 71
122 74
122 77
122 79
122 81
122 83
122 84
122 88
122 89
122 90
122 91
122 92
122 93
122 96
122 97
122 99
122 101
122 102
122 103
122 105
122 107
122 108
122 109
122 113
122 114
122 115
122 116
122 117
122 119
122 120
123 0
123 1
123 2
123 3
123 13
123 14
123 16
123 18
123 19
123 24
123 28
123 29
123 32
123 38
123 39
123 42
123 46
123 48
123 51
123 52
123 53
123 56
123 57
123 59
123 61
123 62
123 64
123 67
123 71
123 74
123 76
123 81
123 82
123 87
123 89
123 90
123 91
123 93
123 94
123 95
123 97
123 98
123 103
123 104
123 105
123 106
123 107
123 108
123 110
123 112
123 113
123 114
123 115
123 117
123 118
123 119
123 121
123 122
124 3
124 4
124 5
124 7
124 9
124 11
124 13
124 14
124 17
124 18
124 19
124 22
124 23
124 24
124 25
124 27
124 33
124 34
124 37
124 40
124 41
124 42
124 45
124 47
124 48
124 51
124 53
124 54
124 55
124 57
124 58
124 59
124 60
124 61
124 62
124 65
124 66
124 70
124 71
124 72
124 75
124 77
124 78
124 80
124 84
124 85
124 86
124 88
124 89
124 92
124 94
124 98
124 100
124 105
124 106
124 107
124 110
124 112
124 113
124 116
124 117
124 118
124 121
