125 6961 44
1 0
2 0
2 1
3 0
3 1
3 2
4 0
4 1
4 2
4 3
5 0
5 1
5 2
5 4
6 0
6 1
6 2
6 3
6 4
7 1
7 2
7 3
7 4
7 5
8 0
8 1
8 2
8 3
8 4
8 5
8 6
8 7
9 0
9 1
9 2
9 3
9 4
9 5
9 6
9 7
9 8
10 0
10 1
10 2
10 3
10 4
10 5
10 6
10 7
10 8
10 9
11 0
11 1
11 2
11 3
11 4
11 5
11 6
11 7
11 8
11 9
11 10
12 0
12 1
12 2
12 3
12 4
12 5
12 6
12 7
12 8
12 9
12 10
12 11
13 0
13 1
13 2
13 3
13 4
13 5
13 6
13 7
13 8
13 9
13 10
13 11
13 12
14 0
14 2
14 4
14 5
14 6
14 7
14 8
14 9
14 10
14 11
14 12
14 13
15 0
15 1
15 2
15 3
15 4
15 5
15 6
15 7
15 8
15 9
15 10
15 11
15 12
15 13
15 14
16 0
16 1
16 2
16 3
16 4
16 5
16 6
16 8
16 10
16 11
16 12
16 13
16 14
16 15
17 0
17 1
17 2
17 3
17 4
17 5
17 6
17 7
17 8
17 9
17 10
17 11
17 12
17 13
17 14
17 15
17 16
18 0
18 1
18 2
18 3
18 4
18 5
18 6
18 7
18 9
18 12
18 13
18 14
18 15
18 16
18 17
19 0
19 1
19 2
19 3
19 4
19 5
19 6
19 7
19 8
19 9
19 12
19 13
19 14
19 15
19 16
19 17
19 18
20 0
20 2
20 3
20 4
20 5
20 6
20 7
20 8
20 9
20 10
20 11
20 12
20 13
20 14
20 15
20 16
20 19
21 0
21 1
21 2
21 4
21 5
21 6
21 8
21 9
21 10
21 11
21 12
21 13
21 14
21 15
21 16
21 17
21 18
21 19
21 20
22 0
22 1
22 2
22 3
22 5
22 6
22 8
22 9
22 10
22 11
22 12
22 13
22 14
22 15
22 16
22 17
22 19
22 21
23 0
23 1
23 2
23 3
23 4
23 5
23 7
23 8
23 9
23 10
23 11
23 12
23 14
23 15
23 16
23 17
23 18
23 19
23 21
23 22
24 0
24 1
24 2
24 3
24 4
24 5
24 6
24 7
24 9
24 10
24 11
24 13
24 16
24 17
24 18
24 19
24 20
24 21
24 22
25 0
25 1
25 2
25 3
25 4
25 5
25 6
25 8
25 9
25 10
25 11
25 12
25 13
25 14
25 15
25 16
25 18
25 20
25 21
25 22
25 23
25 24
26 1
26 2
26 3
26 5
26 6
26 7
26 8
26 9
26 10
26 11
26 12
26 13
26 14
26 15
26 16
26 17
26 18
26 19
26 20
26 21
26 22
26 23
26 24
26 25
27 0
27 1
27 2
27 3
27 4
27 5
27 6
27 7
27 8
27 9
27 10
27 11
27 12
27 13
27 14
27 16
27 17
27 18
27 19
27 20
27 21
27 22
27 23
27 24
27 26
28 0
28 2
28 3
28 4
28 5
28 6
28 7
28 8
28 9
28 10
28 11
28 12
28 14
28 15
28 16
28 17
28 18
28 19
28 21
28 23
28 24
28 25
28 26
28 27
29 0
29 1
29 2
29 3
29 4
29 5
29 6
29 7
29 8
29 9
29 10
29 11
29 12
29 14
29 16
29 17
29 18
29 19
29 20
29 21
29 22
29 23
29 24
29 25
29 26
29 27
29 28
30 0
30 2
30 3
30 4
30 5
30 6
30 7
30 8
30 9
30 10
30 11
30 12
30 13
30 14
30 15
30 16
30 17
30 18
30 19
30 20
30 21
30 22
30 25
30 26
30 27
30 28
31 0
31 1
31 2
31 3
31 4
31 5
31 6
31 7
31 8
31 9
31 10
31 11
31 12
31 13
31 14
31 15
31 16
31 17
31 18
31 19
31 20
31 21
31 22
31 23
31 24
31 25
31 26
31 27
31 28
31 29
32 0
32 1
32 2
32 3
32 5
32 6
32 7
32 8
32 9
32 11
32 12
32 13
32 14
32 15
32 16
32 17
32 18
32 19
32 20
32 21
32 23
32 24
32 25
32 26
32 27
32 28
32 29
33 0
33 1
33 2
33 3
33 4
33 5
33 7
33 8
33 9
33 10
33 11
33 12
33 13
33 14
33 15
33 16
33 17
33 18
33 19
33 21
33 22
33 23
33 24
33 25
33 26
33 27
33 28
33 29
33 30
33 31
33 32
34 0
34 2
34 3
34 4
34 5
34 6
34 7
34 8
34 10
34 11
34 12
34 14
34 15
34 16
34 17
34 18
34 19
34 20
34 21
34 23
34 24
34 25
34 26
34 27
34 28
34 29
34 30
34 32
34 33
35 0
35 1
35 2
35 3
35 4
35 5
35 6
35 7
35 8
35 9
35 10
35 11
35 12
35 14
35 15
35 16
35 17
35 18
35 20
35 21
35 22
35 23
35 24
35 25
35 26
35 27
35 28
35 29
35 30
35 31
35 32
35 33
35 34
36 0
36 1
36 2
36 3
36 4
36 5
36 6
36 7
36 8
36 9
36 10
36 11
36 12
36 13
36 14
36 15
36 16
36 17
36 18
36 20
36 21
36 22
36 23
36 24
36 25
36 26
36 27
36 28
36 29
36 30
36 31
36 32
36 33
36 34
36 35
37 0
37 1
37 2
37 3
37 4
37 5
37 6
37 7
37 8
37 9
37 10
37 12
37 13
37 14
37 16
37 17
37 18
37 19
37 20
37 21
37 22
37 23
37 24
37 25
37 26
37 27
37 28
37 29
37 30
37 31
37 33
37 34
37 35
37 36
38 1
38 2
38 4
38 5
38 6
38 7
38 8
38 9
38 10
38 11
38 12
38 15
38 16
38 17
38 20
38 21
38 22
38 23
38 24
38 25
38 26
38 27
38 28
38 29
38 30
38 31
38 32
38 33
38 34
38 35
38 36
38 37
39 0
39 2
39 4
39 5
39 6
39 7
39 8
39 9
39 10
39 11
39 12
39 13
39 14
39 15
39 16
39 18
39 19
39 20
39 21
39 22
39 23
39 24
39 25
39 26
39 27
39 29
39 30
39 31
39 33
39 34
39 35
39 36
39 37
39 38
40 0
40 1
40 2
40 4
40 5
40 6
40 7
40 8
40 9
40 10
40 11
40 12
40 13
40 15
40 17
40 18
40 19
40 20
40 22
40 23
40 24
40 25
40 26
40 27
40 28
40 29
40 30
40 31
40 32
40 33
40 34
40 36
40 37
40 38
40 39
41 0
41 2
41 3
41 4
41 5
41 6
41 7
41 9
41 10
41 12
41 14
41 15
41 16
41 17
41 19
41 20
41 21
41 22
41 23
41 24
41 26
41 27
41 28
41 29
41 30
41 31
41 32
41 33
41 35
41 36
41 38
41 39
41 40
42 0
42 1
42 2
42 3
42 4
42 5
42 7
42 8
42 9
42 10
42 11
42 12
42 13
42 14
42 15
42 16
42 17
42 18
42 19
42 20
42 21
42 22
42 23
42 24
42 25
42 26
42 27
42 28
42 29
42 30
42 31
42 32
42 33
42 34
42 35
42 36
42 37
42 39
42 40
43 1
43 2
43 3
43 5
43 6
43 7
43 8
43 9
43 10
43 11
43 12
43 13
43 14
43 15
43 16
43 18
43 19
43 20
43 21
43 23
43 24
43 25
43 26
43 27
43 28
43 29
43 31
43 32
43 33
43 34
43 35
43 36
43 37
43 38
43 39
43 40
43 42
44 0
44 1
44 2
44 3
44 5
44 6
44 7
44 8
44 9
44 10
44 11
44 12
44 13
44 14
44 15
44 17
44 18
44 20
44 22
44 25
44 27
44 28
44 29
44 30
44 31
44 32
44 33
44 34
44 36
44 37
44 38
44 39
44 40
44 41
44 42
45 0
45 1
45 2
45 3
45 4
45 5
45 6
45 7
45 8
45 9
45 10
45 11
45 12
45 13
45 14
45 17
45 18
45 20
45 21
45 22
45 23
45 24
45 25
45 26
45 27
45 28
45 29
45 30
45 31
45 32
45 33
45 34
45 35
45 36
45 37
45 38
45 39
45 40
45 41
45 42
45 43
45 44
46 0
46 1
46 2
46 3
46 4
46 5
46 7
46 8
46 9
46 10
46 11
46 12
46 13
46 14
46 15
46 16
46 17
46 18
46 19
46 20
46 21
46 22
46 23
46 25
46 26
46 28
46 29
46 30
46 31
46 32
46 33
46 34
46 35
46 36
46 37
46 39
46 40
46 41
46 42
46 43
46 44
47 0
47 1
47 2
47 3
47 4
47 5
47 7
47 8
47 9
47 10
47 11
47 12
47 13
47 14
47 16
47 17
47 18
47 19
47 20
47 21
47 22
47 23
47 24
47 25
47 26
47 27
47 28
47 29
47 31
47 32
47 33
47 34
47 35
47 36
47 37
47 38
47 40
47 41
47 42
47 43
47 45
47 46
48 0
48 2
48 3
48 4
48 5
48 6
48 7
48 8
48 9
48 10
48 11
48 12
48 13
48 14
48 15
48 16
48 17
48 18
48 19
48 20
48 21
48 23
48 24
48 25
48 26
48 27
48 28
48 29
48 30
48 31
48 32
48 33
48 34
48 35
48 36
48 37
48 38
48 39
48 40
48 41
48 42
48 43
48 44
48 46
48 47
49 0
49 1
49 2
49 3
49 4
49 5
49 8
49 9
49 10
49 11
49 12
49 13
49 14
49 15
49 16
49 17
49 18
49 19
49 22
49 23
49 24
49 25
49 26
49 27
49 28
49 29
49 30
49 31
49 32
49 33
49 34
49 35
49 36
49 37
49 38
49 39
49 40
49 41
49 42
49 43
49 44
49 47
49 48
50 0
50 2
50 3
50 4
50 5
50 6
50 7
50 8
50 9
50 10
50 11
50 12
50 13
50 14
50 15
50 17
50 18
50 19
50 20
50 21
50 22
50 23
50 24
50 25
50 26
50 27
50 28
50 30
50 31
50 32
50 33
50 34
50 35
50 36
50 37
50 38
50 39
50 40
50 41
50 42
50 43
50 44
50 45
50 46
50 47
50 48
50 49
51 0
51 1
51 2
51 3
51 4
51 5
51 6
51 7
51 8
51 9
51 10
51 11
51 12
51 14
51 15
51 17
51 18
51 19
51 20
51 21
51 22
51 23
51 24
51 26
51 27
51 28
51 29
51 30
51 31
51 32
51 33
51 35
51 36
51 37
51 38
51 39
51 40
51 41
51 42
51 43
51 44
51 45
51 46
51 49
51 50
52 0
52 1
52 2
52 3
52 4
52 5
52 6
52 8
52 9
52 11
52 13
52 14
52 15
52 16
52 17
52 18
52 19
52 20
52 21
52 22
52 23
52 24
52 25
52 26
52 27
52 28
52 29
52 30
52 31
52 32
52 33
52 34
52 35
52 36
52 37
52 38
52 39
52 40
52 41
52 42
52 43
52 44
52 45
52 46
52 47
52 48
52 49
52 50
52 51
53 0
53 1
53 2
53 3
53 4
53 5
53 6
53 7
53 8
53 9
53 10
53 12
53 13
53 14
53 15
53 16
53 18
53 19
53 20
53 21
53 22
53 23
53 25
53 27
53 28
53 30
53 33
53 34
53 35
53 36
53 37
53 38
53 39
53 40
53 41
53 42
53 43
53 44
53 45
53 46
53 47
53 48
53 49
53 50
53 51
53 52
54 0
54 1
54 2
54 3
54 4
54 5
54 6
54 7
54 9
54 10
54 11
54 12
54 13
54 14
54 15
54 16
54 17
54 18
54 19
54 20
54 21
54 22
54 23
54 25
54 27
54 29
54 31
54 32
54 33
54 34
54 36
54 37
54 38
54 39
54 40
54 41
54 42
54 43
54 45
54 46
54 47
54 48
54 49
54 51
54 52
54 53
55 0
55 1
55 2
55 3
55 4
55 5
55 6
55 7
55 8
55 9
55 10
55 11
55 13
55 14
55 15
55 16
55 17
55 18
55 19
55 20
55 21
55 22
55 23
55 24
55 25
55 26
55 27
55 28
55 29
55 30
55 31
55 32
55 33
55 34
55 35
55 36
55 37
55 38
55 40
55 41
55 42
55 43
55 46
55 47
55 48
55 49
55 50
55 51
55 52
55 53
55 54
56 0
56 1
56 2
56 3
56 4
56 5
56 6
56 7
56 8
56 10
56 11
56 12
56 13
56 15
56 16
56 18
56 19
56 20
56 21
56 22
56 23
56 24
56 25
56 26
56 27
56 28
56 29
56 30
56 31
56 32
56 33
56 34
56 35
56 36
56 37
56 38
56 39
56 40
56 41
56 42
56 43
56 44
56 45
56 46
56 47
56 48
56 49
56 50
56 51
56 52
56 53
56 54
56 55
57 0
57 1
57 2
57 3
57 4
57 5
57 6
57 8
57 9
57 10
57 11
57 12
57 13
57 14
57 15
57 16
57 17
57 18
57 19
57 20
57 21
57 22
57 23
57 24
57 25
57 26
57 27
57 28
57 30
57 31
57 33
57 34
57 35
57 36
57 38
57 39
57 40
57 41
57 42
57 43
57 44
57 45
57 48
57 49
57 50
57 51
57 52
57 53
57 54
57 55
57 56
58 0
58 1
58 3
58 4
58 6
58 7
58 8
58 9
58 10
58 11
58 12
58 13
58 14
58 15
58 16
58 18
58 19
58 20
58 21
58 23
58 24
58 25
58 26
58 27
58 28
58 29
58 30
58 31
58 32
58 33
58 35
58 36
58 37
58 38
58 39
58 41
58 42
58 44
58 45
58 46
58 47
58 48
58 49
58 50
58 51
58 52
58 53
58 54
58 55
58 57
59 0
59 1
59 2
59 4
59 5
59 6
59 7
59 8
59 9
59 11
59 13
59 14
59 15
59 16
59 17
59 19
59 20
59 21
59 22
59 26
59 27
59 29
59 30
59 31
59 32
59 33
59 34
59 35
59 36
59 37
59 38
59 39
59 40
59 41
59 42
59 43
59 44
59 45
59 47
59 48
59 49
59 51
59 52
59 53
59 54
59 55
59 56
59 57
59 58
60 0
60 1
60 4
60 6
60 7
60 8
60 9
60 10
60 12
60 13
60 14
60 15
60 16
60 17
60 18
60 19
60 20
60 22
60 23
60 24
60 25
60 26
60 27
60 28
60 30
60 31
60 32
60 33
60 34
60 35
60 36
60 38
60 39
60 40
60 41
60 44
60 45
60 46
60 47
60 48
60 49
60 50
60 51
60 52
60 53
60 54
60 55
60 56
60 57
60 58
60 59
61 0
61 1
61 2
61 3
61 4
61 5
61 6
61 8
61 9
61 10
61 11
61 13
61 15
61 16
61 17
61 18
61 19
61 20
61 22
61 23
61 24
61 25
61 26
61 29
61 30
61 31
61 32
61 33
61 34
61 36
61 37
61 38
61 39
61 40
61 41
61 42
61 43
61 44
61 45
61 46
61 47
61 48
61 49
61 50
61 52
61 55
61 56
61 57
61 58
61 60
62 0
62 1
62 2
62 5
62 7
62 8
62 9
62 10
62 11
62 12
62 13
62 14
62 15
62 17
62 19
62 20
62 21
62 22
62 23
62 24
62 25
62 26
62 27
62 28
62 30
62 33
62 34
62 35
62 36
62 37
62 38
62 39
62 40
62 42
62 43
62 44
62 45
62 46
62 47
62 48
62 49
62 50
62 51
62 52
62 53
62 54
62 55
62 56
62 57
62 58
62 59
62 60
63 0
63 2
63 3
63 5
63 6
63 7
63 8
63 9
63 10
63 11
63 12
63 14
63 15
63 16
63 17
63 18
63 19
63 21
63 22
63 23
63 24
63 25
63 26
63 27
63 28
63 29
63 30
63 31
63 35
63 37
63 38
63 39
63 40
63 42
63 43
63 44
63 47
63 48
63 49
63 50
63 51
63 52
63 53
63 54
63 55
63 56
63 57
63 58
63 59
63 60
63 61
63 62
64 0
64 1
64 2
64 3
64 4
64 5
64 6
64 7
64 8
64 9
64 10
64 11
64 12
64 13
64 14
64 16
64 17
64 18
64 19
64 20
64 21
64 22
64 24
64 25
64 26
64 27
64 28
64 29
64 30
64 31
64 32
64 33
64 34
64 35
64 36
64 37
64 38
64 39
64 40
64 41
64 42
64 43
64 44
64 45
64 46
64 47
64 48
64 49
64 50
64 52
64 53
64 54
64 56
64 57
64 58
64 59
64 60
64 61
64 62
65 0
65 1
65 2
65 3
65 4
65 5
65 6
65 7
65 8
65 9
65 10
65 11
65 12
65 13
65 14
65 15
65 16
65 17
65 18
65 19
65 21
65 22
65 23
65 24
65 25
65 26
65 27
65 28
65 29
65 30
65 31
65 32
65 33
65 34
65 35
65 36
65 37
65 38
65 39
65 40
65 41
65 42
65 44
65 45
65 46
65 47
65 48
65 49
65 50
65 51
65 52
65 53
65 55
65 57
65 58
65 59
65 60
65 61
65 62
65 63
65 64
66 0
66 1
66 2
66 3
66 4
66 6
66 8
66 9
66 11
66 12
66 13
66 14
66 15
66 16
66 17
66 18
66 19
66 20
66 22
66 23
66 24
66 25
66 26
66 28
66 29
66 30
66 31
66 32
66 33
66 34
66 35
66 36
66 37
66 38
66 39
66 40
66 41
66 42
66 43
66 44
66 45
66 46
66 47
66 48
66 49
66 50
66 51
66 53
66 54
66 55
66 56
66 57
66 58
66 59
66 60
66 61
66 63
66 64
66 65
67 1
67 2
67 3
67 4
67 6
67 7
67 9
67 10
67 11
67 12
67 13
67 14
67 15
67 16
67 17
67 18
67 19
67 21
67 22
67 23
67 24
67 25
67 27
67 28
67 29
67 30
67 31
67 32
67 33
67 34
67 35
67 36
67 37
67 38
67 39
67 40
67 41
67 42
67 43
67 44
67 46
67 47
67 48
67 49
67 50
67 51
67 52
67 53
67 54
67 55
67 56
67 57
67 58
67 59
67 60
67 61
67 62
67 63
67 64
67 65
67 66
68 0
68 1
68 2
68 3
68 4
68 5
68 6
68 7
68 8
68 9
68 10
68 11
68 12
68 13
68 14
68 15
68 16
68 18
68 20
68 21
68 22
68 23
68 24
68 25
68 26
68 28
68 29
68 30
68 31
68 32
68 33
68 34
68 35
68 37
68 38
68 39
68 40
68 41
68 42
68 43
68 44
68 45
68 47
68 49
68 50
68 51
68 52
68 53
68 54
68 55
68 56
68 58
68 59
68 60
68 61
68 62
68 63
68 64
68 65
68 66
68 67
69 0
69 1
69 2
69 5
69 7
69 8
69 9
69 10
69 11
69 12
69 13
69 14
69 15
69 16
69 17
69 18
69 19
69 20
69 21
69 22
69 23
69 25
69 26
69 27
69 28
69 29
69 30
69 31
69 32
69 33
69 34
69 35
69 36
69 37
69 38
69 39
69 40
69 41
69 42
69 43
69 44
69 45
69 46
69 47
69 48
69 49
69 50
69 52
69 53
69 54
69 55
69 56
69 57
69 58
69 59
69 60
69 61
69 62
69 63
69 64
69 65
69 67
69 68
70 0
70 1
70 2
70 3
70 4
70 5
70 6
70 7
70 8
70 9
70 10
70 11
70 12
70 13
70 14
70 15
70 16
70 17
70 18
70 20
70 21
70 22
70 23
70 24
70 25
70 26
70 27
70 28
70 29
70 30
70 31
70 32
70 33
70 34
70 35
70 37
70 39
70 40
70 41
70 42
70 43
70 44
70 45
70 46
70 48
70 49
70 50
70 51
70 52
70 53
70 54
70 55
70 57
70 58
70 59
70 60
70 61
70 62
70 64
70 65
70 66
70 67
70 68
70 69
71 0
71 1
71 2
71 3
71 6
71 7
71 9
71 10
71 11
71 13
71 15
71 16
71 17
71 18
71 19
71 20
71 21
71 22
71 24
71 25
71 26
71 27
71 28
71 29
71 30
71 31
71 32
71 33
71 34
71 35
71 36
71 37
71 38
71 39
71 40
71 41
71 42
71 43
71 44
71 45
71 46
71 47
71 48
71 49
71 50
71 51
71 52
71 53
71 54
71 55
71 56
71 57
71 58
71 59
71 60
71 61
71 62
71 63
71 64
71 65
71 66
71 67
71 68
71 69
72 0
72 1
72 2
72 3
72 4
72 5
72 6
72 7
72 8
72 9
72 10
72 11
72 12
72 13
72 14
72 16
72 17
72 18
72 19
72 20
72 21
72 22
72 23
72 24
72 25
72 26
72 27
72 28
72 29
72 30
72 31
72 33
72 34
72 35
72 36
72 37
72 38
72 39
72 40
72 41
72 42
72 43
72 44
72 46
72 47
72 48
72 49
72 50
72 51
72 52
72 53
72 54
72 55
72 56
72 57
72 58
72 59
72 60
72 61
72 63
72 64
72 65
72 66
72 67
72 68
72 70
72 71
73 0
73 1
73 2
73 3
73 4
73 5
73 6
73 7
73 8
73 9
73 11
73 12
73 13
73 14
73 15
73 17
73 18
73 19
73 20
73 21
73 22
73 23
73 24
73 25
73 26
73 27
73 28
73 29
73 30
73 31
73 32
73 33
73 34
73 35
73 37
73 38
73 39
73 40
73 41
73 42
73 43
73 44
73 45
73 46
73 47
73 48
73 49
73 50
73 51
73 52
73 53
73 54
73 55
73 56
73 57
73 58
73 59
73 60
73 61
73 62
73 63
73 64
73 65
73 66
73 67
73 69
73 70
73 72
74 0
74 1
74 2
74 3
74 5
74 6
74 7
74 8
74 9
74 10
74 11
74 12
74 13
74 14
74 15
74 16
74 17
74 18
74 19
74 20
74 21
74 22
74 23
74 24
74 26
74 27
74 30
74 31
74 32
74 33
74 34
74 35
74 36
74 37
74 39
74 40
74 41
74 42
74 43
74 44
74 46
74 47
74 48
74 49
74 50
74 51
74 52
74 54
74 56
74 57
74 58
74 59
74 60
74 61
74 63
74 64
74 66
74 68
74 69
74 70
74 71
74 72
74 73
75 0
75 1
75 2
75 3
75 4
75 5
75 6
75 7
75 8
75 9
75 10
75 11
75 12
75 13
75 14
75 15
75 16
75 17
75 18
75 19
75 20
75 21
75 23
75 24
75 25
75 26
75 28
75 29
75 30
75 31
75 32
75 33
75 35
75 36
75 37
75 38
75 39
75 41
75 42
75 43
75 45
75 46
75 47
75 48
75 49
75 50
75 51
75 52
75 54
75 55
75 56
75 57
75 58
75 59
75 61
75 62
75 63
75 64
75 65
75 66
75 68
75 69
75 70
75 71
75 73
75 74
76 0
76 1
76 2
76 3
76 5
76 6
76 7
76 8
76 9
76 10
76 11
76 12
76 13
76 14
76 15
76 16
76 17
76 18
76 19
76 21
76 22
76 23
76 24
76 25
76 26
76 27
76 29
76 30
76 32
76 33
76 34
76 35
76 36
76 37
76 38
76 39
76 40
76 42
76 43
76 44
76 45
76 46
76 47
76 48
76 49
76 50
76 52
76 53
76 55
76 57
76 58
76 59
76 60
76 61
76 62
76 64
76 65
76 66
76 67
76 68
76 69
76 72
76 73
76 74
76 75
77 0
77 1
77 2
77 3
77 4
77 5
77 6
77 7
77 8
77 9
77 10
77 11
77 12
77 13
77 14
77 15
77 16
77 17
77 18
77 19
77 20
77 21
77 22
77 23
77 24
77 25
77 26
77 27
77 28
77 29
77 30
77 31
77 32
77 33
77 34
77 35
77 36
77 37
77 38
77 39
77 40
77 41
77 42
77 43
77 44
77 46
77 47
77 48
77 49
77 50
77 51
77 52
77 53
77 54
77 55
77 56
77 57
77 58
77 59
77 60
77 61
77 62
77 63
77 64
77 65
77 66
77 67
77 69
77 70
77 71
77 72
77 73
77 74
77 75
77 76
78 0
78 1
78 2
78 3
78 4
78 5
78 6
78 7
78 8
78 9
78 10
78 11
78 12
78 13
78 14
78 15
78 16
78 17
78 18
78 20
78 21
78 22
78 23
78 24
78 26
78 27
78 28
78 30
78 31
78 32
78 33
78 34
78 35
78 36
78 37
78 38
78 39
78 40
78 41
78 42
78 43
78 45
78 46
78 47
78 48
78 49
78 50
78 51
78 52
78 53
78 54
78 55
78 56
78 57
78 58
78 59
78 60
78 62
78 63
78 65
78 66
78 67
78 68
78 69
78 70
78 71
78 72
78 73
78 74
78 75
78 76
78 77
79 0
79 1
79 2
79 3
79 4
79 7
79 8
79 9
79 11
79 12
79 14
79 15
79 16
79 17
79 19
79 20
79 21
79 22
79 23
79 24
79 25
79 26
79 27
79 28
79 29
79 30
79 31
79 32
79 33
79 34
79 35
79 37
79 38
79 39
79 41
79 42
79 43
79 44
79 45
79 47
79 48
79 49
79 50
79 51
79 52
79 53
79 54
79 55
79 56
79 57
79 58
79 59
79 60
79 61
79 62
79 63
79 64
79 65
79 66
79 67
79 68
79 69
79 70
79 71
79 72
79 73
79 75
79 76
79 77
79 78
80 0
80 1
80 2
80 3
80 5
80 6
80 7
80 8
80 9
80 11
80 13
80 14
80 16
80 17
80 18
80 19
80 20
80 21
80 22
80 25
80 26
80 27
80 28
80 29
80 30
80 31
80 32
80 34
80 35
80 36
80 37
80 38
80 39
80 40
80 41
80 42
80 43
80 44
80 46
80 48
80 49
80 50
80 51
80 52
80 54
80 55
80 56
80 57
80 58
80 59
80 60
80 61
80 62
80 63
80 64
80 65
80 66
80 67
80 68
80 69
80 70
80 71
80 72
80 74
80 75
80 76
80 77
80 78
80 79
81 0
81 1
81 2
81 3
81 4
81 5
81 6
81 7
81 8
81 9
81 10
81 11
81 12
81 13
81 14
81 15
81 16
81 17
81 18
81 19
81 20
81 21
81 22
81 23
81 24
81 25
81 26
81 27
81 28
81 30
81 32
81 34
81 36
81 37
81 38
81 39
81 40
81 41
81 42
81 43
81 44
81 45
81 46
81 47
81 48
81 49
81 50
81 51
81 52
81 53
81 54
81 56
81 57
81 58
81 59
81 61
81 62
81 63
81 64
81 65
81 66
81 67
81 68
81 69
81 70
81 71
81 72
81 73
81 74
81 75
81 76
81 77
81 78
81 79
81 80
82 1
82 2
82 3
82 4
82 5
82 6
82 7
82 8
82 9
82 10
82 11
82 13
82 15
82 16
82 18
82 19
82 20
82 21
82 22
82 23
82 24
82 25
82 26
82 27
82 28
82 29
82 30
82 31
82 32
82 33
82 34
82 35
82 36
82 37
82 38
82 40
82 41
82 42
82 43
82 44
82 45
82 46
82 47
82 48
82 49
82 50
82 51
82 52
82 53
82 54
82 55
82 56
82 57
82 58
82 59
82 60
82 61
82 62
82 63
82 64
82 65
82 66
82 67
82 68
82 69
82 70
82 71
82 72
82 73
82 74
82 75
82 76
82 77
82 78
82 79
82 80
82 81
83 0
83 2
83 3
83 4
83 5
83 6
83 7
83 8
83 9
83 10
83 11
83 12
83 14
83 15
83 16
83 17
83 19
83 20
83 21
83 22
83 23
83 24
83 25
83 26
83 27
83 28
83 29
83 30
83 31
83 32
83 33
83 34
83 35
83 36
83 37
83 38
83 39
83 40
83 41
83 43
83 44
83 45
83 46
83 48
83 49
83 50
83 51
83 52
83 53
83 54
83 55
83 57
83 58
83 60
83 61
83 62
83 63
83 64
83 65
83 66
83 67
83 68
83 69
83 70
83 72
83 73
83 74
83 75
83 76
83 77
83 78
83 79
83 80
83 81
83 82
84 1
84 2
84 3
84 4
84 6
84 7
84 8
84 9
84 10
84 11
84 12
84 13
84 14
84 15
84 16
84 17
84 18
84 20
84 22
84 23
84 24
84 25
84 26
84 28
84 29
84 30
84 31
84 32
84 33
84 34
84 35
84 36
84 38
84 39
84 40
84 42
84 43
84 44
84 45
84 46
84 47
84 48
84 49
84 50
84 51
84 52
84 53
84 54
84 55
84 56
84 57
84 58
84 59
84 60
84 61
84 62
84 63
84 64
84 66
84 67
84 68
84 69
84 70
84 71
84 72
84 74
84 75
84 76
84 77
84 79
84 80
84 81
84 82
84 83
85 0
85 1
85 2
85 3
85 4
85 5
85 7
85 8
85 9
85 12
85 13
85 14
85 15
85 16
85 17
85 19
85 20
85 21
85 22
85 23
85 26
85 27
85 28
85 29
85 30
85 31
85 32
85 34
85 35
85 36
85 37
85 38
85 39
85 41
85 42
85 43
85 45
85 46
85 47
85 48
85 49
85 51
85 52
85 53
85 54
85 55
85 56
85 57
85 58
85 59
85 60
85 61
85 62
85 63
85 64
85 65
85 66
85 68
85 69
85 70
85 71
85 72
85 73
85 75
85 76
85 77
85 78
85 79
85 80
85 81
85 83
85 84
86 0
86 1
86 3
86 4
86 5
86 6
86 7
86 8
86 9
86 11
86 12
86 13
86 14
86 15
86 16
86 17
86 18
86 19
86 20
86 22
86 23
86 24
86 25
86 26
86 27
86 28
86 29
86 31
86 32
86 33
86 34
86 35
86 36
86 37
86 38
86 39
86 40
86 41
86 42
86 43
86 44
86 45
86 46
86 47
86 48
86 50
86 51
86 52
86 53
86 54
86 55
86 56
86 57
86 58
86 59
86 60
86 61
86 62
86 64
86 65
86 66
86 67
86 68
86 69
86 70
86 71
86 72
86 73
86 74
86 76
86 77
86 78
86 80
86 81
86 82
86 83
86 84
87 0
87 1
87 3
87 4
87 5
87 6
87 7
87 8
87 9
87 10
87 11
87 12
87 13
87 14
87 15
87 16
87 17
87 19
87 20
87 21
87 22
87 23
87 25
87 26
87 27
87 28
87 30
87 31
87 32
87 33
87 34
87 35
87 36
87 37
87 38
87 39
87 40
87 41
87 43
87 44
87 45
87 47
87 48
87 49
87 50
87 51
87 52
87 53
87 54
87 55
87 56
87 57
87 58
87 59
87 60
87 61
87 62
87 63
87 64
87 65
87 67
87 68
87 69
87 70
87 71
87 72
87 73
87 74
87 76
87 77
87 78
87 79
87 80
87 81
87 82
87 83
87 84
87 85
87 86
88 0
88 1
88 2
88 3
88 4
88 5
88 6
88 7
88 8
88 9
88 10
88 11
88 12
88 13
88 14
88 15
88 16
88 17
88 18
88 19
88 20
88 21
88 22
88 24
88 25
88 26
88 27
88 28
88 29
88 30
88 31
88 32
88 33
88 34
88 35
88 36
88 37
88 38
88 39
88 40
88 41
88 42
88 43
88 44
88 45
88 46
88 48
88 49
88 50
88 51
88 52
88 53
88 54
88 55
88 56
88 57
88 58
88 59
88 60
88 61
88 62
88 63
88 64
88 65
88 66
88 67
88 68
88 69
88 70
88 71
88 72
88 73
88 74
88 75
88 76
88 77
88 78
88 79
88 81
88 83
88 84
88 85
88 86
88 87
89 0
89 1
89 3
89 4
89 5
89 6
89 7
89 8
89 10
89 11
89 12
89 13
89 14
89 15
89 16
89 17
89 18
89 19
89 20
89 21
89 22
89 23
89 24
89 25
89 26
89 27
89 28
89 30
89 31
89 32
89 33
89 34
89 35
89 36
89 37
89 38
89 39
89 40
89 41
89 44
89 45
89 46
89 47
89 48
89 49
89 51
89 52
89 53
89 54
89 55
89 56
89 58
89 59
89 60
89 61
89 62
89 64
89 65
89 66
89 67
89 68
89 69
89 71
89 73
89 74
89 75
89 76
89 77
89 78
89 79
89 80
89 81
89 82
89 83
89 84
89 85
89 86
89 88
90 0
90 1
90 2
90 3
90 5
90 6
90 7
90 8
90 9
90 10
90 11
90 12
90 13
90 14
90 15
90 17
90 18
90 19
90 20
90 21
90 22
90 23
90 25
90 26
90 27
90 28
90 29
90 30
90 31
90 32
90 34
90 35
90 37
90 38
90 39
90 40
90 41
90 42
90 43
90 48
90 49
90 50
90 52
90 53
90 54
90 55
90 56
90 57
90 58
90 59
90 60
90 61
90 62
90 63
90 64
90 65
90 66
90 67
90 68
90 69
90 70
90 71
90 72
90 73
90 74
90 75
90 76
90 78
90 79
90 80
90 81
90 82
90 83
90 84
90 85
90 87
90 88
90 89
91 0
91 1
91 2
91 3
91 4
91 5
91 6
91 7
91 8
91 9
91 10
91 11
91 12
91 13
91 14
91 17
91 18
91 19
91 20
91 21
91 22
91 24
91 25
91 26
91 27
91 28
91 29
91 30
91 31
91 33
91 34
91 35
91 36
91 37
91 39
91 40
91 41
91 42
91 43
91 44
91 45
91 46
91 47
91 48
91 49
91 50
91 51
91 52
91 53
91 54
91 55
91 56
91 57
91 58
91 59
91 60
91 61
91 62
91 63
91 64
91 65
91 66
91 67
91 68
91 71
91 72
91 73
91 74
91 76
91 77
91 78
91 79
91 80
91 81
91 82
91 83
91 85
91 86
91 87
91 88
91 89
91 90
92 0
92 2
92 3
92 4
92 5
92 6
92 8
92 9
92 10
92 11
92 12
92 13
92 14
92 15
92 16
92 17
92 18
92 19
92 20
92 21
92 22
92 24
92 25
92 26
92 27
92 28
92 29
92 30
92 31
92 32
92 33
92 34
92 35
92 36
92 37
92 38
92 39
92 40
92 43
92 44
92 45
92 46
92 48
92 49
92 51
92 52
92 53
92 54
92 55
92 56
92 57
92 58
92 59
92 60
92 61
92 62
92 65
92 66
92 67
92 68
92 69
92 70
92 71
92 72
92 73
92 75
92 76
92 77
92 78
92 79
92 80
92 81
92 82
92 83
92 84
92 85
92 86
92 87
92 88
92 89
92 90
92 91
93 0
93 2
93 3
93 5
93 6
93 7
93 8
93 9
93 10
93 12
93 13
93 14
93 15
93 16
93 17
93 18
93 19
93 20
93 22
93 23
93 24
93 27
93 28
93 29
93 30
93 31
93 32
93 33
93 34
93 35
93 36
93 37
93 38
93 39
93 41
93 42
93 43
93 44
93 45
93 46
93 47
93 48
93 49
93 50
93 51
93 52
93 54
93 55
93 56
93 58
93 59
93 60
93 61
93 62
93 63
93 64
93 65
93 66
93 67
93 68
93 69
93 70
93 71
93 72
93 73
93 74
93 75
93 76
93 77
93 78
93 79
93 80
93 81
93 82
93 83
93 84
93 85
93 86
93 87
93 88
93 89
93 90
93 91
93 92
94 0
94 1
94 2
94 3
94 4
94 5
94 6
94 7
94 8
94 9
94 10
94 11
94 12
94 13
94 14
94 15
94 16
94 17
94 18
94 19
94 20
94 21
94 22
94 23
94 24
94 25
94 26
94 27
94 28
94 29
94 30
94 31
94 32
94 33
94 34
94 35
94 36
94 37
94 38
94 39
94 40
94 41
94 42
94 43
94 44
94 45
94 46
94 47
94 48
94 49
94 50
94 52
94 53
94 54
94 55
94 56
94 57
94 58
94 59
94 60
94 61
94 62
94 63
94 64
94 65
94 66
94 67
94 68
94 69
94 70
94 71
94 72
94 73
94 74
94 75
94 76
94 77
94 78
94 79
94 80
94 81
94 82
94 83
94 85
94 86
94 87
94 88
94 89
94 90
94 91
94 92
94 93
95 0
95 1
95 2
95 3
95 4
95 5
95 6
95 7
95 8
95 9
95 10
95 11
95 12
95 13
95 15
95 16
95 17
95 19
95 21
95 22
95 24
95 25
95 26
95 27
95 28
95 29
95 30
95 31
95 32
95 33
95 34
95 35
95 36
95 37
95 38
95 39
95 40
95 41
95 42
95 43
95 44
95 45
95 46
95 47
95 48
95 49
95 50
95 51
95 52
95 53
95 54
95 55
95 56
95 58
95 59
95 60
95 61
95 62
95 64
95 65
95 66
95 67
95 68
95 69
95 70
95 72
95 73
95 75
95 76
95 77
95 78
95 79
95 80
95 81
95 83
95 84
95 85
95 86
95 87
95 88
95 89
95 90
95 91
95 92
96 0
96 1
96 2
96 3
96 4
96 5
96 6
96 8
96 9
96 10
96 11
96 12
96 13
96 14
96 15
96 16
96 17
96 18
96 19
96 20
96 21
96 22
96 23
96 24
96 26
96 28
96 29
96 30
96 31
96 32
96 33
96 34
96 35
96 36
96 37
96 39
96 40
96 41
96 42
96 43
96 44
96 45
96 46
96 47
96 48
96 49
96 50
96 51
96 53
96 54
96 55
96 56
96 57
96 58
96 60
96 61
96 62
96 63
96 64
96 65
96 66
96 67
96 68
96 69
96 71
96 72
96 73
96 74
96 75
96 76
96 77
96 78
96 80
96 81
96 82
96 83
96 84
96 85
96 88
96 89
96 91
96 93
96 94
96 95
97 0
97 2
97 3
97 5
97 6
97 7
97 8
97 9
97 10
97 12
97 13
97 14
97 15
97 16
97 17
97 18
97 20
97 21
97 22
97 23
97 24
97 25
97 26
97 27
97 28
97 29
97 31
97 32
97 33
97 34
97 35
97 36
97 37
97 38
97 39
97 40
97 41
97 43
97 44
97 45
97 46
97 47
97 48
97 49
97 50
97 51
97 52
97 53
97 54
97 55
97 56
97 58
97 59
97 60
97 61
97 63
97 64
97 65
97 66
97 67
97 68
97 70
97 71
97 72
97 73
97 74
97 75
97 76
97 77
97 78
97 79
97 80
97 81
97 82
97 83
97 84
97 85
97 86
97 87
97 88
97 89
97 90
97 92
97 93
97 94
97 95
97 96
98 1
98 2
98 3
98 5
98 6
98 8
98 9
98 11
98 12
98 14
98 15
98 16
98 17
98 18
98 20
98 21
98 22
98 23
98 24
98 25
98 26
98 27
98 28
98 29
98 30
98 31
98 32
98 33
98 34
98 35
98 36
98 37
98 38
98 40
98 41
98 42
98 43
98 44
98 45
98 46
98 47
98 49
98 50
98 51
98 52
98 54
98 55
98 56
98 58
98 59
98 60
98 61
98 62
98 63
98 64
98 65
98 66
98 67
98 68
98 69
98 70
98 71
98 72
98 73
98 74
98 76
98 77
98 78
98 80
98 81
98 82
98 83
98 84
98 85
98 86
98 87
98 88
98 90
98 91
98 93
98 94
98 95
98 96
98 97
99 0
99 1
99 2
99 3
99 5
99 7
99 8
99 10
99 11
99 13
99 14
99 15
99 16
99 17
99 18
99 19
99 20
99 21
99 22
99 23
99 24
99 25
99 26
99 28
99 29
99 30
99 31
99 32
99 33
99 34
99 35
99 36
99 37
99 38
99 39
99 40
99 41
99 42
99 43
99 44
99 45
99 46
99 47
99 48
99 49
99 50
99 51
99 52
99 53
99 54
99 55
99 56
99 57
99 58
99 59
99 60
99 61
99 62
99 63
99 64
99 66
99 67
99 68
99 69
99 71
99 72
99 73
99 74
99 75
99 76
99 77
99 78
99 79
99 80
99 81
99 82
99 83
99 84
99 85
99 86
99 87
99 88
99 89
99 90
99 91
99 92
99 93
99 94
99 95
99 96
99 98
100 0
100 1
100 2
100 3
100 5
100 6
100 7
100 8
100 9
100 10
100 11
100 12
100 13
100 14
100 15
100 16
100 17
100 18
100 20
100 21
100 22
100 23
100 24
100 25
100 26
100 27
100 28
100 30
100 31
100 32
100 33
100 34
100 35
100 36
100 37
100 38
100 39
100 40
100 41
100 42
100 43
100 44
100 45
100 47
100 48
100 49
100 50
100 51
100 52
100 53
100 54
100 55
100 56
100 57
100 58
100 59
100 60
100 61
100 62
100 63
100 64
100 65
100 66
100 67
100 68
100 69
100 70
100 71
100 72
100 74
100 75
100 76
100 77
100 78
100 79
100 80
100 81
100 82
100 83
100 84
100 85
100 86
100 87
100 88
100 89
100 90
100 91
100 92
100 93
100 94
100 95
100 96
100 97
100 98
100 99
101 0
101 1
101 3
101 4
101 5
101 6
101 7
101 8
101 9
101 10
101 11
101 13
101 15
101 16
101 17
101 18
101 19
101 20
101 21
101 24
101 25
101 26
101 27
101 29
101 30
101 31
101 32
101 33
101 34
101 35
101 36
101 37
101 38
101 39
101 40
101 41
101 42
101 43
101 44
101 45
101 46
101 47
101 48
101 49
101 50
101 51
101 52
101 53
101 54
101 55
101 56
101 57
101 58
101 59
101 61
101 62
101 63
101 64
101 65
101 67
101 68
101 69
101 70
101 71
101 72
101 73
101 74
101 75
101 76
101 77
101 78
101 79
101 80
101 82
101 83
101 84
101 85
101 86
101 87
101 88
101 89
101 90
101 91
101 92
101 93
101 94
101 95
101 96
101 97
101 98
101 99
101 100
102 0
102 1
102 2
102 3
102 5
102 6
102 7
102 8
102 9
102 10
102 11
102 12
102 13
102 14
102 16
102 17
102 18
102 19
102 20
102 21
102 23
102 24
102 25
102 26
102 27
102 28
102 29
102 30
102 31
102 33
102 34
102 35
102 36
102 37
102 38
102 39
102 41
102 42
102 43
102 44
102 45
102 46
102 47
102 48
102 49
102 50
102 51
102 52
102 54
102 55
102 56
102 57
102 58
102 60
102 63
102 64
102 65
102 66
102 67
102 68
102 69
102 71
102 72
102 73
102 74
102 75
102 76
102 77
102 78
102 79
102 80
102 81
102 83
102 84
102 85
102 87
102 88
102 90
102 91
102 92
102 93
102 94
102 95
102 96
102 97
102 98
102 99
102 100
102 101
103 0
103 1
103 2
103 3
103 4
103 5
103 6
103 8
103 9
103 10
103 11
103 12
103 13
103 14
103 15
103 16
103 17
103 18
103 19
103 20
103 21
103 22
103 23
103 24
103 25
103 27
103 28
103 29
103 30
103 31
103 32
103 33
103 34
103 35
103 36
103 37
103 38
103 39
103 40
103 41
103 42
103 43
103 44
103 45
103 46
103 47
103 48
103 49
103 50
103 51
103 53
103 54
103 55
103 56
103 57
103 58
103 59
103 60
103 61
103 62
103 63
103 64
103 65
103 66
103 67
103 68
103 69
103 70
103 71
103 73
103 75
103 76
103 77
103 78
103 80
103 81
103 82
103 83
103 84
103 85
103 86
103 87
103 88
103 89
103 90
103 92
103 93
103 94
103 95
103 97
103 98
103 99
103 100
103 101
103 102
104 0
104 1
104 2
104 3
104 4
104 5
104 6
104 7
104 8
104 10
104 11
104 12
104 13
104 14
104 15
104 16
104 17
104 18
104 19
104 20
104 21
104 22
104 23
104 24
104 25
104 26
104 27
104 28
104 29
104 30
104 32
104 33
104 35
104 36
104 37
104 38
104 39
104 40
104 41
104 42
104 43
104 44
104 45
104 46
104 47
104 49
104 50
104 52
104 53
104 54
104 55
104 56
104 57
104 58
104 59
104 60
104 61
104 62
104 63
104 64
104 65
104 66
104 68
104 69
104 70
104 71
104 72
104 73
104 75
104 76
104 77
104 78
104 79
104 80
104 81
104 82
104 83
104 84
104 85
104 86
104 87
104 88
104 89
104 90
104 91
104 92
104 93
104 94
104 95
104 96
104 98
104 101
104 102
104 103
105 1
105 2
105 3
105 5
105 6
105 7
105 8
105 9
105 10
105 11
105 12
105 13
105 14
105 16
105 17
105 19
105 20
105 21
105 22
105 23
105 24
105 25
105 26
105 27
105 28
105 29
105 30
105 31
105 32
105 33
105 35
105 36
105 37
105 38
105 39
105 40
105 41
105 42
105 43
105 44
105 45
105 46
105 47
105 48
105 49
105 50
105 51
105 52
105 53
105 54
105 55
105 56
105 57
105 58
105 59
105 60
105 61
105 62
105 63
105 64
105 65
105 66
105 67
105 68
105 69
105 70
105 71
105 73
105 75
105 76
105 77
105 78
105 79
105 80
105 81
105 82
105 83
105 84
105 85
105 86
105 87
105 88
105 89
105 90
105 91
105 92
105 94
105 95
105 96
105 97
105 98
105 99
105 100
105 101
105 102
105 103
105 104
106 0
106 1
106 2
106 3
106 4
106 6
106 7
106 8
106 9
106 10
106 11
106 12
106 13
106 15
106 16
106 17
106 18
106 19
106 20
106 21
106 22
106 24
106 25
106 26
106 27
106 28
106 29
106 30
106 31
106 32
106 33
106 34
106 35
106 36
106 37
106 38
106 39
106 40
106 41
106 42
106 43
106 44
106 45
106 47
106 48
106 49
106 50
106 51
106 52
106 53
106 54
106 55
106 56
106 57
106 58
106 59
106 61
106 62
106 64
106 65
106 66
106 67
106 68
106 69
106 70
106 72
106 74
106 75
106 76
106 77
106 78
106 79
106 80
106 81
106 82
106 84
106 85
106 86
106 89
106 90
106 91
106 92
106 93
106 94
106 95
106 96
106 97
106 98
106 99
106 100
106 101
106 102
106 103
106 104
106 105
107 0
107 1
107 2
107 3
107 5
107 6
107 8
107 9
107 10
107 11
107 12
107 13
107 14
107 15
107 16
107 17
107 18
107 19
107 20
107 21
107 22
107 23
107 24
107 25
107 26
107 27
107 28
107 29
107 30
107 31
107 32
107 33
107 34
107 35
107 36
107 37
107 38
107 39
107 40
107 41
107 42
107 43
107 44
107 45
107 46
107 47
107 48
107 49
107 50
107 51
107 52
107 53
107 54
107 55
107 56
107 57
107 58
107 59
107 60
107 61
107 62
107 63
107 64
107 65
107 66
107 68
107 69
107 70
107 71
107 72
107 73
107 74
107 75
107 76
107 77
107 79
107 80
107 81
107 82
107 83
107 84
107 85
107 86
107 87
107 88
107 89
107 90
107 91
107 92
107 93
107 94
107 96
107 97
107 98
107 99
107 100
107 101
107 103
107 105
107 106
108 0
108 1
108 2
108 3
108 4
108 5
108 6
108 7
108 8
108 9
108 10
108 11
108 12
108 13
108 14
108 15
108 16
108 17
108 18
108 20
108 21
108 22
108 23
108 24
108 25
108 26
108 27
108 28
108 29
108 31
108 32
108 33
108 34
108 35
108 36
108 37
108 38
108 39
108 40
108 42
108 43
108 44
108 45
108 46
108 47
108 48
108 49
108 50
108 51
108 52
108 53
108 54
108 55
108 56
108 57
108 58
108 59
108 60
108 61
108 64
108 65
108 66
108 67
108 68
108 69
108 70
108 71
108 72
108 73
108 74
108 75
108 76
108 77
108 78
108 79
108 80
108 81
108 82
108 83
108 85
108 86
108 87
108 88
108 89
108 90
108 91
108 92
108 93
108 94
108 95
108 97
108 98
108 99
108 100
108 101
108 102
108 103
108 105
108 106
108 107
109 0
109 1
109 2
109 3
109 4
109 6
109 7
109 8
109 9
109 10
109 11
109 12
109 13
109 14
109 15
109 16
109 17
109 18
109 19
109 20
109 21
109 23
109 24
109 25
109 26
109 27
109 28
109 29
109 30
109 31
109 32
109 34
109 35
109 37
109 38
109 39
109 40
109 42
109 43
109 44
109 45
109 47
109 49
109 51
109 52
109 53
109 54
109 55
109 56
109 57
109 58
109 59
109 60
109 61
109 62
109 63
109 64
109 65
109 66
109 67
109 68
109 69
109 70
109 71
109 72
109 73
109 74
109 75
109 76
109 78
109 79
109 80
109 81
109 82
109 83
109 84
109 85
109 86
109 87
109 88
109 89
109 90
109 91
109 92
109 93
109 94
109 95
109 96
109 97
109 98
109 99
109 100
109 101
109 102
109 103
109 105
109 106
109 108
110 0
110 2
110 3
110 4
110 5
110 6
110 7
110 8
110 9
110 10
110 11
110 12
110 15
110 16
110 18
110 19
110 20
110 21
110 23
110 24
110 25
110 26
110 27
110 28
110 30
110 31
110 32
110 33
110 34
110 35
110 37
110 38
110 39
110 40
110 41
110 42
110 43
110 44
110 45
110 46
110 47
110 48
110 49
110 50
110 51
110 52
110 53
110 54
110 55
110 56
110 57
110 58
110 60
110 61
110 62
110 63
110 64
110 65
110 66
110 67
110 68
110 69
110 70
110 72
110 73
110 74
110 75
110 76
110 78
110 79
110 80
110 81
110 82
110 83
110 85
110 86
110 87
110 88
110 89
110 90
110 91
110 92
110 93
110 94
110 95
110 96
110 97
110 98
110 99
110 100
110 101
110 102
110 104
110 105
110 106
110 107
110 108
110 109
111 0
111 1
111 2
111 3
111 4
111 5
111 6
111 7
111 8
111 9
111 10
111 11
111 12
111 13
111 14
111 15
111 16
111 17
111 18
111 19
111 20
111 21
111 22
111 23
111 24
111 26
111 28
111 29
111 31
111 32
111 33
111 34
111 35
111 36
111 37
111 38
111 39
111 40
111 41
111 42
111 43
111 44
111 45
111 46
111 47
111 48
111 49
111 50
111 51
111 52
111 53
111 54
111 56
111 57
111 58
111 59
111 60
111 61
111 62
111 63
111 64
111 65
111 66
111 67
111 70
111 71
111 72
111 73
111 74
111 75
111 76
111 77
111 78
111 79
111 80
111 81
111 82
111 83
111 84
111 85
111 88
111 89
111 90
111 91
111 92
111 93
111 94
111 95
111 96
111 97
111 98
111 99
111 100
111 101
111 102
111 103
111 104
111 105
111 106
111 107
111 108
111 109
111 110
112 0
112 1
112 3
112 4
112 5
112 6
112 7
112 8
112 9
112 10
112 12
112 13
112 14
112 15
112 17
112 18
112 19
112 20
112 21
112 22
112 23
112 24
112 25
112 26
112 28
112 29
112 31
112 32
112 34
112 35
112 36
112 37
112 38
112 39
112 40
112 41
112 42
112 43
112 44
112 45
112 46
112 47
112 48
112 49
112 50
112 51
112 52
112 53
112 54
112 55
112 56
112 57
112 58
112 59
112 60
112 61
112 62
112 63
112 65
112 66
112 67
112 68
112 69
112 70
112 71
112 72
112 73
112 75
112 76
112 77
112 78
112 79
112 80
112 81
112 82
112 84
112 86
112 87
112 88
112 89
112 90
112 91
112 92
112 93
112 94
112 95
112 96
112 97
112 98
112 99
112 100
112 101
112 102
112 104
112 105
112 106
112 107
112 108
112 110
112 111
113 0
113 1
113 2
113 3
113 4
113 5
113 6
113 7
113 9
113 10
113 11
113 12
113 13
113 14
113 15
113 16
113 18
113 19
113 21
113 22
113 23
113 24
113 25
113 28
113 29
113 30
113 31
113 32
113 33
113 34
113 35
113 36
113 37
113 38
113 39
113 40
113 41
113 42
113 43
113 44
113 45
113 46
113 47
113 48
113 49
113 50
113 51
113 52
113 53
113 55
113 56
113 57
113 58
113 59
113 60
113 61
113 62
113 63
113 65
113 66
113 67
113 68
113 69
113 70
113 71
113 72
113 73
113 74
113 75
113 76
113 77
113 78
113 80
113 82
113 83
113 84
113 85
113 86
113 87
113 88
113 89
113 90
113 91
113 92
113 93
113 94
113 95
113 97
113 98
113 99
113 100
113 101
113 102
113 103
113 104
113 105
113 106
113 107
113 108
113 109
113 110
113 111
114 0
114 1
114 2
114 3
114 4
114 5
114 7
114 8
114 9
114 10
114 12
114 13
114 14
114 15
114 16
114 17
114 19
114 20
114 21
114 22
114 23
114 24
114 25
114 26
114 27
114 28
114 29
114 30
114 31
114 32
114 33
114 34
114 35
114 36
114 37
114 38
114 39
114 40
114 41
114 42
114 44
114 45
114 46
114 47
114 48
114 49
114 50
114 51
114 53
114 54
114 55
114 56
114 57
114 58
114 59
114 60
114 61
114 62
114 63
114 64
114 65
114 66
114 67
114 68
114 69
114 70
114 72
114 73
114 74
114 75
114 76
114 77
114 78
114 80
114 81
114 82
114 84
114 85
114 86
114 87
114 88
114 89
114 90
114 91
114 92
114 93
114 94
114 95
114 97
114 98
114 100
114 101
114 102
114 103
114 104
114 105
114 107
114 108
114 109
114 110
114 111
114 112
115 0
115 1
115 2
115 4
115 5
115 6
115 7
115 8
115 9
115 10
115 11
115 13
115 14
115 15
115 16
115 18
115 19
115 20
115 21
115 22
115 24
115 25
115 27
115 28
115 29
115 30
115 31
115 32
115 33
115 34
115 35
115 36
115 37
115 38
115 39
115 41
115 42
115 44
115 45
115 46
115 47
115 48
115 49
115 50
115 51
115 52
115 53
115 54
115 55
115 56
115 57
115 58
115 60
115 61
115 62
115 63
115 64
115 65
115 67
115 68
115 69
115 70
115 71
115 72
115 73
115 74
115 75
115 76
115 77
115 78
115 79
115 80
115 81
115 82
115 83
115 84
115 85
115 86
115 87
115 88
115 89
115 90
115 92
115 93
115 94
115 95
115 96
115 97
115 98
115 99
115 100
115 101
115 102
115 103
115 104
115 105
115 106
115 107
115 108
115 110
115 111
115 112
115 113
115 114
116 0
116 1
116 2
116 4
116 5
116 6
116 7
116 8
116 9
116 10
116 11
116 12
116 13
116 15
116 16
116 17
116 18
116 19
116 20
116 21
116 22
116 23
116 24
116 25
116 26
116 28
116 29
116 30
116 31
116 32
116 33
116 34
116 35
116 36
116 37
116 38
116 39
116 40
116 41
116 42
116 43
116 45
116 46
116 47
116 48
116 49
116 50
116 51
116 53
116 54
116 55
116 56
116 57
116 58
116 59
116 60
116 63
116 64
116 65
116 66
116 67
116 68
116 69
116 72
116 73
116 74
116 75
116 76
116 78
116 79
116 80
116 81
116 82
116 85
116 86
116 87
116 88
116 90
116 91
116 92
116 93
116 95
116 96
116 98
116 99
116 100
116 101
116 102
116 103
116 104
116 105
116 106
116 107
116 108
116 109
116 110
116 111
116 112
116 113
116 114
116 115
117 0
117 1
117 2
117 3
117 4
117 5
117 6
117 7
117 8
117 9
117 10
117 11
117 12
117 13
117 14
117 15
117 16
117 18
117 19
117 20
117 21
117 22
117 23
117 24
117 25
117 26
117 27
117 28
117 29
117 30
117 31
117 32
117 33
117 34
117 35
117 36
117 37
117 38
117 39
117 40
117 41
117 42
117 44
117 45
117 47
117 48
117 49
117 50
117 51
117 52
117 53
117 54
117 56
117 57
117 58
117 59
117 60
117 61
117 62
117 63
117 64
117 65
117 66
117 67
117 68
117 69
117 70
117 71
117 73
117 74
117 75
117 77
117 80
117 81
117 82
117 83
117 84
117 85
117 86
117 87
117 88
117 89
117 90
117 91
117 92
117 93
117 94
117 95
117 96
117 97
117 98
117 99
117 100
117 102
117 104
117 105
117 106
117 107
117 108
117 109
117 110
117 111
117 112
117 113
117 115
117 116
118 0
118 1
118 2
118 3
118 4
118 5
118 6
118 7
118 8
118 9
118 10
118 11
118 12
118 13
118 14
118 15
118 16
118 17
118 18
118 20
118 21
118 22
118 23
118 24
118 25
118 26
118 27
118 28
118 30
118 31
118 32
118 33
118 34
118 36
118 38
118 39
118 40
118 41
118 42
118 43
118 44
118 45
118 46
118 48
118 50
118 51
118 53
118 54
118 55
118 56
118 57
118 58
118 59
118 60
118 61
118 62
118 63
118 64
118 65
118 68
118 69
118 70
118 72
118 73
118 74
118 75
118 77
118 78
118 79
118 80
118 81
118 82
118 83
118 85
118 86
118 87
118 88
118 89
118 90
118 91
118 92
118 93
118 94
118 96
118 97
118 98
118 99
118 100
118 101
118 102
118 103
118 104
118 105
118 106
118 107
118 108
118 110
118 111
118 112
118 113
118 114
118 115
118 116
118 117
119 0
119 1
119 2
119 3
119 4
119 5
119 6
119 7
119 8
119 9
119 10
119 11
119 12
119 13
119 14
119 15
119 17
119 18
119 19
119 20
119 21
119 22
119 23
119 24
119 25
119 26
119 27
119 29
119 30
119 31
119 32
119 33
119 34
119 35
119 36
119 37
119 38
119 39
119 40
119 41
119 42
119 43
119 44
119 46
119 47
119 48
119 49
119 50
119 51
119 52
119 53
119 54
119 55
119 56
119 57
119 58
119 59
119 60
119 61
119 62
119 63
119 64
119 65
119 66
119 67
119 69
119 70
119 71
119 72
119 73
119 74
119 75
119 76
119 77
119 78
119 79
119 80
119 81
119 82
119 83
119 84
119 85
119 86
119 87
119 88
119 89
119 90
119 91
119 92
119 93
119 94
119 95
119 96
119 97
119 98
119 99
119 100
119 102
119 103
119 106
119 107
119 108
119 109
119 110
119 111
119 112
119 113
119 115
119 116
119 117
119 118
120 0
120 1
120 2
120 3
120 4
120 6
120 7
120 8
120 9
120 10
120 11
120 12
120 13
120 15
120 16
120 17
120 18
120 19
120 22
120 23
120 24
120 25
120 26
120 29
120 30
120 31
120 32
120 33
120 34
120 35
120 36
120 37
120 38
120 39
120 40
120 41
120 42
120 43
120 44
120 45
120 46
120 47
120 48
120 49
120 50
120 52
120 53
120 54
120 55
120 57
120 59
120 60
120 61
120 62
120 63
120 64
120 65
120 66
120 67
120 68
120 69
120 70
120 71
120 72
120 73
120 74
120 75
120 76
120 77
120 78
120 79
120 80
120 81
120 83
120 84
120 85
120 86
120 87
120 88
120 89
120 90
120 91
120 92
120 93
120 94
120 95
120 96
120 97
120 98
120 99
120 100
120 101
120 102
120 103
120 104
120 105
120 106
120 107
120 108
120 109
120 110
120 111
120 112
120 113
120 114
120 115
120 116
120 117
120 118
120 119
121 0
121 1
121 3
121 4
121 5
121 6
121 7
121 8
121 9
121 10
121 11
121 12
121 13
121 14
121 15
121 16
121 17
121 19
121 20
121 21
121 22
121 23
121 24
121 27
121 28
121 29
121 30
121 31
121 32
121 33
121 34
121 35
121 36
121 37
121 38
121 39
121 41
121 42
121 43
121 44
121 45
121 46
121 47
121 48
121 49
121 50
121 51
121 52
121 53
121 54
121 55
121 56
121 57
121 58
121 59
121 60
121 62
121 63
121 64
121 65
121 66
121 67
121 68
121 70
121 71
121 72
121 73
121 74
121 75
121 76
121 77
121 78
121 79
121 80
121 81
121 82
121 83
121 84
121 85
121 86
121 87
121 89
121 90
121 91
121 92
121 93
121 94
121 95
121 96
121 97
121 98
121 100
121 101
121 102
121 103
121 104
121 105
121 106
121 108
121 109
121 110
121 111
121 112
121 113
121 114
121 115
121 116
121 117
121 118
121 120
122 0
122 1
122 3
122 4
122 5
122 6
122 7
122 8
122 10
122 11
122 12
122 13
122 14
122 15
122 17
122 18
122 19
122 20
122 21
122 23
122 24
122 25
122 26
122 27
122 28
122 29
122 30
122 31
122 32
122 33
122 34
122 36
122 37
122 38
122 39
122 40
122 41
122 42
122 43
122 44
122 45
122 46
122 47
122 48
122 49
122 50
122 51
122 52
122 54
122 55
122 56
122 58
122 59
122 60
122 61
122 63
122 64
122 65
122 66
122 67
122 68
122 69
122 70
122 71
122 72
122 74
122 75
122 76
122 77
122 78
122 79
122 80
122 81
122 82
122 83
122 84
122 85
122 86
122 87
122 89
122 90
122 91
122 92
122 93
122 94
122 95
122 96
122 97
122 98
122 99
122 100
122 101
122 102
122 103
122 104
122 105
122 106
122 107
122 108
122 109
122 110
122 111
122 114
122 115
122 116
122 117
122 118
122 119
122 120
122 121
123 0
123 2
123 3
123 4
123 5
123 6
123 7
123 8
123 10
123 11
123 13
123 14
123 15
123 17
123 18
123 20
123 21
123 22
123 23
123 24
123 25
123 26
123 27
123 28
123 29
123 30
123 31
123 32
123 33
123 34
123 35
123 36
123 37
123 38
123 40
123 41
123 42
123 43
123 45
123 46
123 47
123 48
123 49
123 50
123 51
123 53
123 55
123 56
123 57
123 58
123 59
123 60
123 61
123 62
123 63
123 64
123 65
123 66
123 67
123 68
123 69
123 70
123 71
123 72
123 73
123 74
123 76
123 77
123 78
123 79
123 80
123 81
123 82
123 83
123 84
123 86
123 87
123 88
123 89
123 90
123 91
123 92
123 93
123 94
123 95
123 96
123 97
123 98
123 99
123 100
123 101
123 102
123 103
123 105
123 106
123 107
123 108
123 109
123 110
123 111
123 112
123 113
123 114
123 115
123 116
123 117
123 119
123 120
123 122
124 0
124 1
124 2
124 3
124 4
124 5
124 6
124 7
124 8
124 9
124 10
124 12
124 13
124 14
124 15
124 17
124 18
124 19
124 20
124 21
124 22
124 23
124 24
124 25
124 26
124 28
124 30
124 31
124 32
124 33
124 34
124 36
124 38
124 39
124 41
124 43
124 44
124 45
124 46
124 47
124 48
124 49
124 51
124 53
124 55
124 56
124 57
124 58
124 59
124 60
124 61
124 62
124 63
124 64
124 65
124 67
124 68
124 69
124 70
124 73
124 74
124 75
124 76
124 78
124 80
124 81
124 82
124 85
124 86
124 87
124 88
124 90
124 91
124 92
124 93
124 94
124 95
124 96
124 97
124 98
124 99
124 100
124 101
124 102
124 103
124 104
124 105
124 106
124 107
124 108
124 109
124 110
124 111
124 112
124 113
124 114
124 115
124 116
124 117
124 118
124 120
124 121
124 122
