250 3218 8
4 1
5 2
5 3
6 2
7 5
9 7
12 2
13 2
14 7
15 6
16 1
17 9
18 3
18 4
18 13
18 16
19 2
19 4
20 0
20 8
21 16
23 4
23 11
23 18
23 22
25 14
26 11
26 18
26 19
27 5
27 10
27 14
27 21
28 11
28 12
28 15
28 17
28 22
30 15
31 12
31 20
31 23
31 30
32 8
32 14
32 16
32 26
32 30
32 31
33 0
33 2
33 5
33 10
33 31
33 32
34 4
34 12
34 27
34 30
35 12
35 18
35 22
35 26
35 34
36 13
37 4
37 13
37 17
38 5
38 7
38 9
38 13
38 19
38 37
39 3
39 13
39 16
39 22
39 25
39 28
39 29
39 31
40 1
40 3
40 17
40 21
40 24
40 25
40 38
41 20
41 26
41 27
42 19
42 32
42 38
43 1
43 9
43 24
43 42
44 0
44 2
44 12
44 18
44 21
45 10
45 12
45 14
45 16
45 27
45 30
46 39
47 0
47 2
47 25
47 26
47 33
47 34
47 36
48 6
48 7
48 21
48 31
48 47
49 4
49 12
49 18
49 26
49 31
49 32
50 1
50 8
50 27
50 29
51 2
51 16
51 24
51 27
51 48
52 5
52 14
52 27
52 29
52 33
52 43
52 46
53 23
53 36
53 41
53 43
54 9
54 17
54 28
54 39
55 14
55 18
55 20
55 25
55 31
55 34
55 36
55 41
55 43
55 46
55 54
56 3
56 12
56 13
56 22
56 24
56 38
56 43
56 44
56 45
56 46
57 4
57 14
57 20
57 22
57 28
57 30
57 33
57 43
58 2
58 6
58 29
58 30
58 31
58 32
58 44
58 47
59 8
59 34
59 40
60 1
60 11
60 20
60 27
60 34
60 36
60 45
60 53
60 55
60 57
61 5
61 7
61 11
61 19
61 34
61 59
62 5
62 15
62 17
62 30
62 31
62 45
62 56
62 58
62 60
63 17
63 35
63 50
64 0
64 9
64 10
64 21
64 32
64 33
64 36
64 63
65 2
65 4
65 8
65 23
65 41
65 52
65 53
65 55
65 57
66 6
66 8
66 24
66 28
66 41
67 7
67 21
67 29
67 38
68 2
68 3
68 4
68 6
68 16
68 18
68 28
68 31
68 32
68 33
68 53
68 63
69 0
69 9
69 42
69 55
69 67
70 3
70 12
70 14
70 15
70 16
70 21
70 23
70 26
70 39
70 40
70 51
70 59
70 63
71 11
71 28
71 34
71 35
71 43
71 62
72 16
72 27
72 38
72 40
73 0
73 23
73 27
73 34
73 47
73 55
73 58
74 22
74 36
74 40
74 55
74 70
75 9
75 12
75 29
75 38
75 39
75 43
75 47
75 58
75 63
75 64
75 70
75 74
76 31
76 49
77 1
77 9
77 38
77 55
78 0
78 26
78 34
78 55
78 56
78 57
78 60
78 68
78 69
79 2
79 17
79 28
79 57
79 60
79 72
80 1
80 7
80 18
80 32
80 45
80 48
80 50
80 55
80 66
81 13
81 36
81 72
82 12
82 49
82 63
82 65
82 79
83 6
83 11
83 22
83 24
83 55
83 59
84 0
84 4
84 10
84 17
84 21
84 37
84 39
84 42
84 47
84 54
84 59
84 60
84 79
85 22
85 47
85 48
85 64
85 74
85 80
86 1
86 8
86 14
86 16
86 29
86 35
86 37
86 41
86 42
86 58
86 59
86 61
86 62
86 67
86 83
87 0
87 10
87 12
87 24
87 31
87 35
87 36
87 46
87 52
87 66
87 74
87 76
88 10
88 12
88 38
88 76
88 78
88 80
89 0
89 3
89 7
89 20
89 35
89 38
89 50
89 52
89 71
89 82
90 9
90 14
90 15
90 18
90 22
90 43
90 44
90 53
90 62
90 73
90 85
90 87
90 89
91 17
91 34
91 41
91 56
91 60
91 63
91 76
91 87
91 90
92 0
92 4
92 5
92 12
92 24
92 35
92 38
92 43
92 60
92 72
93 2
93 4
93 5
93 9
93 24
93 28
93 33
93 38
93 43
93 51
93 58
93 70
93 76
94 4
94 9
94 14
94 27
94 31
94 47
94 56
94 64
94 71
94 72
94 93
95 16
95 26
95 34
95 63
95 71
95 72
95 80
95 91
96 0
96 5
96 18
96 25
96 29
96 41
96 45
96 64
96 68
96 77
96 81
96 90
96 91
97 1
97 9
97 13
97 16
97 18
97 36
97 41
97 54
97 61
97 64
97 65
97 85
97 89
97 95
98 6
98 15
98 18
98 34
98 38
98 42
98 85
99 5
99 20
99 24
99 39
99 40
99 44
99 54
99 56
99 61
99 64
99 71
100 7
100 12
100 14
100 20
100 22
100 23
100 28
100 37
100 48
100 49
100 60
100 64
100 78
101 11
101 15
101 25
101 32
101 35
101 43
101 53
101 54
101 87
101 94
102 0
102 4
102 12
102 13
102 18
102 22
102 29
102 59
102 61
102 76
102 89
102 93
102 96
102 97
102 100
103 11
103 24
103 25
103 35
103 39
103 43
103 44
103 55
103 56
103 70
103 74
103 76
103 80
104 24
104 30
104 36
104 40
104 48
104 54
104 91
104 95
104 99
105 6
105 55
105 61
105 83
105 89
105 93
106 6
106 7
106 10
106 25
106 35
106 54
106 60
106 61
106 64
106 81
106 88
106 91
107 9
107 23
107 56
107 68
107 79
107 81
107 85
107 87
108 3
108 5
108 8
108 21
108 62
108 66
108 68
108 69
108 74
108 75
108 92
108 99
108 101
109 0
109 8
109 10
109 26
109 43
109 53
109 57
109 76
109 78
109 95
109 105
109 106
110 5
110 8
110 13
110 18
110 20
110 30
110 41
110 47
110 53
110 56
110 79
110 103
111 0
111 2
111 4
111 11
111 24
111 46
111 56
111 72
111 86
111 105
112 4
112 25
112 45
112 50
112 53
112 56
112 59
112 63
112 72
112 73
112 98
112 104
113 11
113 13
113 16
113 19
113 35
113 37
113 45
113 48
113 57
113 66
113 67
113 74
113 80
113 81
113 111
114 10
114 12
114 13
114 22
114 28
114 38
114 43
114 62
114 64
114 86
114 92
114 93
114 94
114 100
114 104
114 106
114 109
115 4
115 14
115 28
115 61
115 73
115 83
116 0
116 2
116 3
116 5
116 10
116 11
116 15
116 30
116 56
116 69
116 71
116 72
116 104
117 2
117 5
117 29
117 46
117 71
117 83
117 92
117 97
117 100
117 109
118 6
118 12
118 19
118 23
118 29
118 31
118 33
118 56
118 61
118 62
118 63
118 72
118 86
118 92
118 94
118 96
118 101
118 117
119 12
119 20
119 30
119 63
119 69
119 72
119 84
119 88
119 92
119 98
119 110
119 114
120 7
120 16
120 21
120 22
120 27
120 33
120 36
120 41
120 58
120 86
120 100
120 103
121 15
121 18
121 21
121 23
121 40
121 68
121 69
121 103
121 106
121 120
122 0
122 6
122 31
122 38
122 53
122 55
122 61
122 63
122 74
122 85
122 116
122 118
122 119
122 120
123 8
123 11
123 19
123 25
123 32
123 37
123 48
123 53
123 61
123 71
123 76
123 85
123 97
123 101
124 18
124 27
124 31
124 50
124 51
124 75
124 78
124 86
124 88
124 94
124 103
124 105
124 109
124 117
125 15
125 21
125 27
125 42
125 53
125 64
125 75
125 76
125 81
125 93
125 96
125 102
125 107
125 110
125 123
125 124
126 21
126 24
126 26
126 36
126 48
126 57
126 59
126 60
126 72
126 107
126 117
127 1
127 2
127 17
127 19
127 23
127 34
127 45
127 49
127 58
127 59
127 60
127 64
127 86
127 88
127 115
127 116
128 13
128 14
128 19
128 21
128 27
128 34
128 52
128 54
128 57
128 68
128 74
128 87
128 92
128 103
128 105
128 113
128 117
129 3
129 4
129 18
129 29
129 34
129 37
129 38
129 42
129 47
129 55
129 83
129 86
129 88
129 118
129 122
129 127
130 0
130 18
130 28
130 35
130 57
130 68
130 71
130 73
130 80
130 84
130 96
131 0
131 3
131 15
131 19
131 21
131 31
131 47
131 54
131 61
131 71
131 110
131 111
131 112
131 115
131 118
131 125
131 128
132 0
132 12
132 13
132 27
132 29
132 36
132 37
132 44
132 47
132 49
132 53
132 56
132 60
132 88
132 91
133 0
133 13
133 20
133 23
133 36
133 50
133 78
133 87
133 91
133 94
133 107
133 109
133 111
133 116
133 122
134 4
134 12
134 19
134 34
134 48
134 50
134 64
134 70
134 79
134 80
134 81
134 83
134 84
134 85
134 92
134 93
134 94
135 23
135 49
135 61
135 68
135 94
135 105
135 112
135 114
135 116
135 130
136 27
136 52
136 56
136 67
136 68
136 69
136 72
136 89
136 96
136 124
137 4
137 14
137 29
137 58
137 62
137 70
137 76
137 92
137 105
137 117
138 7
138 16
138 22
138 28
138 38
138 51
138 67
138 69
138 81
138 90
138 92
138 100
138 109
138 136
139 4
139 15
139 18
139 35
139 36
139 82
139 83
139 88
139 122
140 3
140 14
140 18
140 19
140 21
140 35
140 46
140 52
140 62
140 99
140 120
140 127
140 139
141 29
141 56
141 66
141 74
141 101
141 129
142 9
142 14
142 18
142 30
142 31
142 32
142 49
142 62
142 71
142 85
142 99
142 111
142 116
142 117
142 122
142 136
143 10
143 12
143 21
143 22
143 45
143 52
143 54
143 55
143 60
143 77
143 86
143 114
143 119
143 123
143 134
143 136
143 138
143 140
144 3
144 5
144 14
144 26
144 27
144 42
144 64
144 70
144 74
144 89
144 114
145 8
145 15
145 17
145 18
145 47
145 57
145 61
145 63
145 64
145 71
145 83
145 88
145 95
145 102
145 105
145 106
145 133
145 135
146 4
146 10
146 35
146 42
146 54
146 69
146 72
146 90
146 109
146 116
146 122
146 128
146 133
147 7
147 11
147 17
147 28
147 29
147 30
147 31
147 59
147 70
147 84
147 93
147 97
147 100
147 104
147 106
147 125
147 133
148 15
148 32
148 37
148 46
148 62
148 66
148 70
148 73
148 74
148 91
148 93
148 97
148 98
148 107
148 112
148 117
148 122
148 130
148 132
148 138
148 141
149 7
149 15
149 51
149 52
149 61
149 114
149 115
149 128
149 131
149 144
150 13
150 55
150 62
150 75
150 77
150 80
150 83
150 88
150 89
150 92
150 108
150 111
150 114
150 123
150 136
150 143
150 146
151 26
151 34
151 36
151 40
151 45
151 52
151 56
151 64
151 71
151 84
151 89
151 95
151 104
151 106
151 120
151 123
151 134
151 135
151 136
151 143
151 146
151 150
152 0
152 1
152 13
152 14
152 19
152 20
152 22
152 31
152 37
152 51
152 54
152 70
152 87
152 90
152 116
152 125
152 129
152 132
152 143
152 149
153 6
153 12
153 22
153 23
153 27
153 34
153 35
153 37
153 42
153 63
153 68
153 78
153 81
153 86
153 87
153 92
153 100
153 105
153 108
153 115
153 126
153 127
153 131
153 145
153 152
154 23
154 27
154 29
154 34
154 37
154 61
154 71
154 72
154 98
154 106
154 112
154 117
154 120
154 138
154 144
155 8
155 32
155 36
155 52
155 63
155 75
155 83
155 90
155 94
155 104
155 109
155 119
155 136
155 146
155 152
156 16
156 20
156 22
156 23
156 33
156 35
156 43
156 59
156 65
156 70
156 86
156 100
156 106
156 107
156 109
156 115
156 119
156 129
156 138
156 140
156 154
157 2
157 8
157 25
157 29
157 43
157 45
157 48
157 62
157 68
157 79
157 80
157 95
157 100
157 104
157 108
157 133
157 140
157 155
157 156
158 8
158 14
158 16
158 26
158 47
158 62
158 69
158 70
158 79
158 80
158 89
158 100
158 105
158 116
158 118
158 134
158 143
159 5
159 8
159 10
159 17
159 18
159 25
159 30
159 53
159 55
159 91
159 98
159 103
159 104
159 118
159 133
159 146
159 148
160 14
160 28
160 31
160 36
160 37
160 38
160 59
160 66
160 75
160 82
160 89
160 92
160 112
160 114
160 121
160 129
160 133
160 139
160 154
161 17
161 19
161 21
161 37
161 41
161 51
161 82
161 84
161 98
161 101
161 111
161 118
161 156
162 17
162 19
162 31
162 41
162 81
162 99
162 100
162 114
162 116
162 118
162 122
162 124
162 157
162 159
163 1
163 4
163 10
163 13
163 20
163 43
163 67
163 86
163 89
163 117
163 118
163 120
163 121
163 131
163 148
163 150
163 155
163 156
163 161
164 6
164 42
164 75
164 90
164 97
164 111
164 126
164 142
164 145
164 149
165 6
165 13
165 17
165 19
165 28
165 33
165 39
165 56
165 57
165 67
165 71
165 94
165 121
165 131
165 146
165 147
165 156
166 0
166 36
166 41
166 81
166 87
166 100
166 118
166 122
166 123
166 125
166 134
166 147
166 153
166 155
166 157
166 158
167 0
167 17
167 27
167 45
167 48
167 81
167 95
167 99
167 101
167 105
167 108
167 114
167 116
167 142
167 151
167 158
167 164
168 4
168 5
168 6
168 7
168 10
168 19
168 23
168 37
168 39
168 45
168 48
168 50
168 53
168 74
168 87
168 100
168 107
168 123
168 129
168 151
168 154
169 28
169 57
169 64
169 67
169 73
169 96
169 102
169 121
169 122
169 155
169 158
169 167
170 15
170 19
170 33
170 48
170 49
170 51
170 66
170 75
170 92
170 99
170 103
170 119
170 128
170 134
170 136
170 137
170 138
170 139
170 152
170 155
171 8
171 11
171 12
171 34
171 41
171 42
171 50
171 54
171 78
171 80
171 100
171 110
171 123
171 126
171 144
171 147
171 160
171 169
172 12
172 20
172 28
172 31
172 45
172 60
172 73
172 77
172 88
172 90
172 97
172 104
172 108
172 115
172 151
172 152
173 0
173 2
173 9
173 15
173 25
173 32
173 47
173 57
173 58
173 61
173 74
173 85
173 91
173 98
173 100
173 107
173 112
173 123
173 139
173 168
174 7
174 8
174 13
174 65
174 78
174 90
174 92
174 114
174 115
174 116
174 124
174 133
174 146
174 150
174 161
174 163
175 34
175 43
175 82
175 91
175 93
175 98
175 100
175 108
175 110
175 116
175 122
175 129
175 140
175 142
175 152
175 169
176 0
176 2
176 7
176 26
176 47
176 75
176 82
176 84
176 89
176 110
176 116
176 135
176 144
176 170
176 173
176 175
177 5
177 6
177 17
177 18
177 48
177 56
177 73
177 75
177 76
177 117
177 132
177 150
177 165
178 12
178 22
178 30
178 58
178 61
178 65
178 69
178 73
178 83
178 88
178 106
178 112
178 130
178 136
178 137
178 138
178 140
178 150
178 157
178 163
179 23
179 25
179 64
179 65
179 69
179 75
179 105
179 109
179 114
179 135
179 142
179 143
179 148
179 152
179 167
180 50
180 51
180 107
180 111
180 128
180 130
180 148
180 150
180 152
180 154
180 159
180 160
181 17
181 33
181 53
181 58
181 64
181 65
181 73
181 79
181 80
181 82
181 91
181 102
181 103
181 105
181 118
181 124
181 137
181 139
181 158
181 159
181 163
181 167
182 10
182 25
182 29
182 34
182 36
182 49
182 63
182 83
182 99
182 101
182 103
182 104
182 107
182 116
182 117
182 123
182 144
182 146
182 149
182 157
182 171
182 172
182 181
183 2
183 9
183 51
183 55
183 61
183 77
183 85
183 99
183 140
183 146
183 165
183 173
183 178
184 50
184 69
184 71
184 79
184 107
184 117
184 128
184 133
184 136
185 3
185 4
185 11
185 35
185 41
185 55
185 77
185 79
185 83
185 84
185 99
185 121
185 136
185 150
185 155
185 157
185 161
185 163
185 169
186 1
186 12
186 19
186 29
186 32
186 42
186 46
186 58
186 64
186 68
186 79
186 80
186 84
186 105
186 118
186 119
186 120
186 144
186 148
186 155
187 13
187 15
187 16
187 17
187 22
187 34
187 40
187 48
187 57
187 62
187 75
187 98
187 102
187 116
187 125
187 126
187 128
187 133
187 161
187 162
187 184
188 2
188 11
188 13
188 15
188 17
188 47
188 53
188 58
188 61
188 62
188 68
188 71
188 83
188 111
188 135
188 140
188 152
188 155
188 157
188 158
188 168
188 172
188 176
188 180
188 182
189 3
189 36
189 37
189 63
189 69
189 94
189 102
189 124
189 128
189 137
189 138
189 141
189 159
189 163
189 168
190 3
190 11
190 17
190 22
190 24
190 39
190 43
190 60
190 66
190 69
190 82
190 88
190 91
190 127
190 137
190 145
190 151
190 153
190 155
190 181
190 186
191 0
191 28
191 32
191 49
191 107
191 109
191 113
191 117
191 119
191 128
191 141
191 145
191 155
191 160
192 4
192 79
192 82
192 88
192 95
192 127
192 138
192 141
192 150
192 153
192 171
192 176
192 178
192 187
193 19
193 29
193 34
193 42
193 52
193 64
193 65
193 67
193 68
193 70
193 107
193 112
193 113
193 125
193 128
193 175
194 0
194 3
194 6
194 32
194 52
194 68
194 69
194 71
194 86
194 93
194 125
194 142
194 151
194 152
194 159
194 173
194 177
194 182
194 185
195 0
195 1
195 7
195 17
195 27
195 51
195 77
195 80
195 87
195 98
195 103
195 107
195 119
195 121
195 134
195 142
195 157
195 164
196 1
196 7
196 18
196 54
196 61
196 68
196 106
196 111
196 115
196 120
196 123
196 124
196 134
196 138
196 139
196 140
196 142
196 144
196 154
196 156
196 157
197 0
197 9
197 25
197 38
197 39
197 46
197 50
197 61
197 82
197 85
197 89
197 105
197 111
197 126
197 146
197 162
197 165
197 166
197 167
197 179
197 187
197 190
197 192
198 4
198 19
198 28
198 39
198 43
198 52
198 53
198 61
198 63
198 67
198 73
198 84
198 89
198 97
198 101
198 102
198 105
198 113
198 114
198 116
198 118
198 122
198 156
198 177
198 191
198 197
199 1
199 4
199 26
199 30
199 39
199 43
199 50
199 51
199 53
199 64
199 65
199 79
199 87
199 93
199 102
199 119
199 122
199 126
199 155
199 166
199 194
199 195
200 8
200 25
200 37
200 47
200 70
200 73
200 77
200 79
200 81
200 92
200 97
200 110
200 113
200 119
200 129
200 131
200 141
200 158
200 176
200 191
201 22
201 27
201 36
201 40
201 49
201 54
201 77
201 98
201 114
201 117
201 136
201 145
201 196
201 200
202 0
202 30
202 31
202 42
202 44
202 48
202 50
202 51
202 61
202 87
202 90
202 106
202 115
202 132
202 136
202 144
202 160
202 181
202 182
202 188
202 194
202 199
203 11
203 16
203 17
203 20
203 33
203 45
203 48
203 57
203 76
203 80
203 81
203 99
203 115
203 120
203 122
203 139
203 155
203 158
203 160
203 163
203 165
203 171
203 173
203 174
203 196
204 9
204 10
204 26
204 27
204 29
204 36
204 45
204 54
204 59
204 62
204 64
204 71
204 73
204 75
204 76
204 84
204 92
204 93
204 99
204 110
204 115
204 138
204 144
204 153
204 184
204 190
204 198
205 1
205 6
205 18
205 33
205 43
205 57
205 64
205 69
205 96
205 106
205 107
205 118
205 124
205 130
205 131
205 137
205 140
205 143
205 149
205 163
205 165
205 181
205 193
205 194
205 195
206 34
206 38
206 45
206 50
206 55
206 79
206 81
206 83
206 127
206 149
206 156
206 175
206 200
207 7
207 17
207 21
207 31
207 34
207 41
207 46
207 48
207 51
207 53
207 71
207 74
207 86
207 89
207 93
207 121
207 123
207 142
207 155
207 157
207 160
207 194
207 199
207 200
207 203
208 4
208 16
208 17
208 34
208 56
208 71
208 86
208 97
208 103
208 104
208 105
208 120
208 147
208 156
208 171
208 180
208 190
209 3
209 32
209 45
209 63
209 84
209 86
209 91
209 105
209 107
209 128
209 130
209 134
209 152
209 167
209 168
209 180
209 187
209 194
209 197
209 198
210 1
210 4
210 32
210 43
210 44
210 48
210 54
210 60
210 65
210 69
210 74
210 86
210 97
210 105
210 108
210 114
210 116
210 135
210 170
210 196
211 16
211 22
211 33
211 39
211 50
211 65
211 89
211 95
211 120
211 121
211 133
211 145
211 152
211 153
211 158
211 160
211 162
211 165
211 170
211 172
211 178
212 12
212 26
212 28
212 34
212 37
212 38
212 47
212 49
212 61
212 68
212 70
212 92
212 99
212 134
212 143
212 167
212 171
212 181
212 195
213 6
213 21
213 45
213 62
213 66
213 69
213 76
213 80
213 85
213 132
213 134
213 136
213 149
213 173
213 184
213 189
213 193
213 199
213 203
213 205
214 13
214 17
214 27
214 32
214 54
214 62
214 79
214 82
214 86
214 99
214 102
214 104
214 107
214 113
214 121
214 129
214 130
214 136
214 142
214 174
214 196
214 202
214 208
215 26
215 27
215 31
215 48
215 56
215 61
215 78
215 85
215 105
215 123
215 125
215 174
215 178
215 209
216 16
216 18
216 28
216 30
216 54
216 79
216 82
216 126
216 131
216 160
216 161
216 162
216 163
216 168
216 181
216 185
216 194
216 199
216 208
217 1
217 4
217 6
217 19
217 40
217 47
217 52
217 60
217 80
217 94
217 97
217 105
217 111
217 114
217 117
217 158
217 173
217 182
217 189
218 9
218 19
218 20
218 27
218 30
218 34
218 40
218 41
218 46
218 60
218 63
218 66
218 73
218 86
218 100
218 114
218 115
218 119
218 124
218 126
218 127
218 144
218 151
218 153
218 173
218 181
218 200
218 205
218 208
218 210
219 3
219 19
219 43
219 46
219 53
219 59
219 84
219 95
219 100
219 142
219 146
219 168
219 176
219 188
219 193
219 212
219 216
220 2
220 6
220 9
220 44
220 63
220 64
220 65
220 73
220 93
220 101
220 102
220 135
220 145
220 150
220 156
220 160
220 187
220 201
220 204
221 0
221 14
221 26
221 44
221 63
221 69
221 94
221 97
221 132
221 146
221 149
221 165
221 172
221 195
221 205
221 206
221 214
222 9
222 20
222 40
222 44
222 56
222 64
222 68
222 76
222 79
222 98
222 101
222 104
222 105
222 117
222 119
222 123
222 134
222 138
222 149
222 163
222 195
222 197
222 202
222 209
222 213
223 3
223 4
223 22
223 27
223 29
223 40
223 42
223 51
223 53
223 54
223 62
223 82
223 90
223 102
223 103
223 108
223 118
223 132
223 141
223 143
223 158
223 159
223 183
223 210
223 211
223 212
224 21
224 36
224 47
224 53
224 59
224 61
224 68
224 74
224 84
224 115
224 135
224 150
224 156
224 157
224 158
224 181
224 186
224 187
224 189
224 198
224 210
224 212
225 6
225 7
225 15
225 16
225 17
225 44
225 47
225 58
225 67
225 78
225 91
225 104
225 113
225 116
225 118
225 122
225 153
225 159
225 201
226 28
226 39
226 42
226 43
226 44
226 49
226 74
226 92
226 98
226 111
226 140
226 141
226 151
226 153
226 160
226 188
226 202
226 216
226 225
227 13
227 19
227 31
227 33
227 39
227 45
227 49
227 57
227 64
227 65
227 82
227 90
227 99
227 100
227 102
227 114
227 115
227 126
227 133
227 144
227 146
227 147
227 159
227 168
227 175
227 176
227 204
228 6
228 9
228 29
228 65
228 72
228 89
228 94
228 105
228 109
228 117
228 145
228 155
228 162
228 170
228 171
228 216
228 221
229 6
229 10
229 12
229 15
229 35
229 59
229 68
229 70
229 84
229 89
229 98
229 107
229 113
229 122
229 124
229 125
229 136
229 149
229 163
229 165
229 199
229 202
229 219
229 224
230 0
230 19
230 34
230 46
230 47
230 58
230 65
230 101
230 113
230 115
230 135
230 137
230 145
230 150
230 153
230 160
230 184
230 192
230 209
231 7
231 8
231 14
231 28
231 29
231 38
231 39
231 41
231 44
231 67
231 70
231 85
231 89
231 108
231 116
231 129
231 132
231 149
231 164
231 171
231 172
231 176
231 181
231 188
231 197
231 201
231 202
231 209
231 215
232 36
232 39
232 40
232 51
232 74
232 83
232 91
232 118
232 168
232 185
232 186
232 196
232 206
232 209
232 212
232 219
232 226
233 5
233 28
233 32
233 47
233 50
233 59
233 72
233 74
233 75
233 76
233 77
233 81
233 88
233 101
233 115
233 133
233 134
233 158
233 170
233 173
233 179
233 181
233 203
233 206
233 208
233 214
233 222
233 224
234 28
234 29
234 60
234 61
234 65
234 69
234 71
234 75
234 105
234 107
234 124
234 132
234 139
234 145
234 151
234 153
234 157
234 158
234 163
234 164
234 170
234 182
234 202
234 214
234 219
234 223
234 226
235 31
235 44
235 46
235 48
235 50
235 59
235 64
235 67
235 68
235 77
235 81
235 86
235 90
235 91
235 119
235 143
235 154
235 160
235 167
235 169
235 171
235 181
235 182
235 186
235 191
235 192
235 195
235 208
235 209
235 225
235 228
236 13
236 39
236 51
236 60
236 69
236 95
236 137
236 155
236 170
236 174
236 175
236 180
236 183
236 193
236 202
236 215
236 217
236 220
236 228
236 229
236 230
236 233
237 3
237 4
237 10
237 22
237 26
237 31
237 32
237 40
237 44
237 45
237 52
237 59
237 61
237 74
237 78
237 81
237 105
237 111
237 122
237 125
237 138
237 142
237 146
237 149
237 152
237 158
237 161
237 175
237 176
237 180
237 185
237 195
237 203
237 205
237 212
237 219
237 222
237 234
238 12
238 20
238 81
238 99
238 101
238 115
238 116
238 134
238 137
238 142
238 152
238 155
238 161
238 186
238 206
239 10
239 17
239 20
239 22
239 28
239 36
239 40
239 45
239 57
239 70
239 84
239 89
239 104
239 105
239 116
239 121
239 122
239 138
239 140
239 153
239 154
239 158
239 165
239 173
239 181
239 182
239 186
239 189
239 194
239 225
239 230
239 232
240 0
240 7
240 8
240 15
240 17
240 18
240 24
240 29
240 47
240 68
240 69
240 73
240 74
240 75
240 93
240 113
240 114
240 119
240 122
240 145
240 146
240 149
240 161
240 163
240 176
240 183
240 200
240 203
240 205
240 212
240 213
240 220
240 229
240 230
240 232
240 236
241 0
241 1
241 18
241 19
241 27
241 49
241 70
241 105
241 109
241 116
241 120
241 127
241 130
241 160
241 175
241 178
241 186
241 189
241 195
241 197
241 198
241 200
241 206
241 212
241 221
241 229
241 233
242 3
242 7
242 11
242 24
242 32
242 34
242 44
242 57
242 67
242 70
242 74
242 105
242 122
242 123
242 126
242 127
242 154
242 155
242 170
242 199
242 200
242 217
242 221
242 222
242 227
242 230
242 239
243 5
243 16
243 20
243 35
243 36
243 37
243 42
243 43
243 57
243 67
243 88
243 89
243 92
243 97
243 116
243 128
243 150
243 152
243 155
243 160
243 161
243 168
243 191
243 195
243 205
243 211
243 212
243 238
244 0
244 21
244 26
244 28
244 46
244 48
244 49
244 63
244 67
244 68
244 71
244 74
244 80
244 83
244 89
244 102
244 107
244 121
244 132
244 133
244 139
244 143
244 149
244 158
244 164
244 165
244 178
244 186
244 197
244 204
244 208
244 212
244 216
244 221
245 6
245 32
245 38
245 41
245 96
245 123
245 125
245 128
245 131
245 161
245 163
245 197
245 239
245 241
246 18
246 22
246 42
246 51
246 70
246 71
246 82
246 97
246 111
246 117
246 134
246 146
246 154
246 158
246 161
246 170
246 171
246 176
246 187
246 196
246 204
246 210
246 216
246 219
246 224
246 225
247 4
247 8
247 25
247 58
247 66
247 72
247 76
247 80
247 82
247 86
247 90
247 99
247 113
247 135
247 141
247 143
247 152
247 156
247 165
247 182
247 189
247 194
247 204
247 210
247 234
247 235
247 245
248 1
248 3
248 8
248 15
248 23
248 24
248 43
248 44
248 69
248 83
248 90
248 99
248 103
248 124
248 128
248 133
248 153
248 162
248 164
248 165
248 181
248 195
248 208
248 213
248 214
248 222
248 236
248 242
248 247
249 19
249 28
249 30
249 38
249 43
249 51
249 68
249 83
249 96
249 101
249 131
249 136
249 137
249 149
249 158
249 161
249 168
249 172
249 186
249 196
249 207
249 214
249 234
249 239
249 248
