60
0 4	23
0 7	53
0 9	42
0 10	10
0 11	18
0 14	21
0 15	9
0 17	47
0 22	1
0 24	2
0 25	11
0 28	30
0 29	45
0 31	12
0 36	56
0 39	35
0 40	16
0 41	3
0 42	6
0 43	29
0 45	32
0 47	14
0 48	26
0 49	48
0 55	43
0 56	17
0 58	54
0 59	36
1 0	2
1 1	27
1 3	28
1 4	49
1 7	12
1 8	19
1 9	58
1 10	44
1 11	9
1 12	4
1 13	38
1 15	52
1 16	40
1 19	36
1 20	7
1 22	23
1 23	22
1 25	59
1 26	53
1 27	10
1 29	42
1 31	33
1 32	21
1 33	1
1 34	39
1 38	46
1 39	8
1 40	37
1 41	11
1 42	24
1 43	57
1 44	41
1 46	0
1 47	51
1 50	31
1 51	35
1 52	34
1 53	3
1 54	29
1 55	30
2 0	17
2 1	7
2 3	46
2 4	37
2 6	28
2 7	54
2 8	55
2 9	5
2 11	3
2 16	22
2 17	35
2 19	15
2 21	49
2 23	14
2 25	44
2 26	45
2 30	48
2 31	13
2 35	29
2 40	27
2 41	21
2 42	43
2 43	39
2 44	57
2 47	36
2 50	20
2 53	58
2 55	19
2 56	40
2 57	53
3 0	18
3 1	32
3 4	16
3 5	56
3 8	51
3 10	23
3 11	12
3 18	33
3 19	58
3 21	53
3 22	14
3 24	43
3 25	6
3 26	41
3 27	44
3 30	8
3 33	57
3 35	15
3 36	40
3 37	24
3 38	11
3 39	52
3 40	5
3 41	19
3 43	55
3 44	47
3 45	3
3 46	25
3 47	13
3 49	54
3 50	4
3 52	9
3 55	35
3 56	20
3 59	0
4 1	54
4 2	46
4 5	1
4 9	8
4 13	51
4 14	32
4 17	57
4 18	26
4 24	24
4 25	33
4 28	13
4 29	34
4 31	31
4 32	14
4 33	5
4 37	47
4 39	55
4 41	43
4 42	4
4 43	50
4 44	45
4 46	30
4 48	2
4 50	12
4 52	17
4 54	3
4 55	41
5 0	15
5 1	40
5 5	2
5 6	50
5 7	45
5 8	35
5 9	52
5 15	34
5 18	49
5 19	57
5 24	7
5 26	5
5 27	29
5 28	41
5 29	38
5 30	33
5 31	43
5 32	44
5 33	20
5 35	26
5 36	13
5 38	21
5 40	51
5 42	54
5 48	42
5 50	3
5 53	23
5 54	25
5 55	14
5 59	47
6 6	5
6 7	51
6 9	43
6 10	47
6 12	38
6 13	8
6 15	55
6 16	0
6 17	9
6 18	59
6 19	10
6 20	45
6 21	3
6 22	34
6 23	44
6 24	15
6 26	37
6 27	35
6 29	21
6 30	2
6 32	30
6 36	17
6 37	25
6 38	4
6 42	26
6 44	24
6 47	20
6 48	12
6 54	53
6 57	31
6 58	1
6 59	50
7 3	0
7 4	51
7 5	18
7 10	43
7 13	42
7 14	27
7 16	31
7 18	46
7 21	26
7 24	37
7 26	52
7 27	58
7 30	20
7 32	57
7 33	45
7 34	10
7 39	2
7 40	22
7 41	53
7 42	23
7 43	25
7 45	30
7 46	41
7 47	54
7 50	28
7 51	1
7 52	19
7 53	38
7 54	15
7 55	13
7 58	12
8 2	2
8 6	39
8 9	38
8 11	58
8 13	20
8 15	42
8 17	18
8 18	13
8 20	49
8 22	24
8 26	3
8 31	7
8 36	25
8 38	10
8 39	17
8 41	30
8 42	14
8 43	19
8 44	44
8 46	9
8 47	50
8 48	46
8 49	15
8 50	54
8 51	51
8 53	40
8 54	59
8 56	27
8 57	28
8 59	32
9 0	56
9 2	17
9 3	31
9 5	58
9 8	26
9 11	11
9 14	35
9 20	28
9 23	30
9 24	14
9 25	20
9 27	43
9 29	23
9 31	49
9 33	12
9 34	24
9 35	33
9 37	21
9 38	55
9 39	40
9 40	3
9 42	59
9 43	32
9 46	52
9 49	25
9 50	22
9 52	15
9 53	41
9 54	13
9 57	16
9 59	37
10 3	29
10 6	34
10 7	4
10 8	16
10 12	33
10 14	52
10 15	5
10 16	24
10 18	3
10 19	54
10 25	1
10 26	42
10 28	19
10 30	35
10 33	6
10 34	14
10 35	28
10 37	44
10 40	13
10 41	10
10 42	27
10 43	12
10 47	9
10 49	46
10 50	32
10 53	45
10 54	58
10 55	21
10 57	11
11 0	11
11 1	10
11 2	41
11 3	33
11 4	28
11 6	20
11 7	25
11 8	21
11 9	14
11 10	36
11 13	26
11 16	48
11 20	46
11 22	29
11 25	47
11 26	50
11 27	56
11 28	24
11 29	6
11 35	16
11 36	37
11 39	51
11 41	4
11 42	9
11 45	38
11 47	1
11 50	34
11 54	45
11 58	58
11 59	42
12 0	33
12 1	4
12 6	22
12 7	56
12 8	13
12 9	30
12 10	39
12 14	31
12 15	58
12 17	43
12 19	52
12 20	19
12 22	28
12 24	46
12 25	55
12 28	40
12 29	7
12 31	47
12 32	18
12 33	44
12 35	37
12 37	1
12 39	54
12 40	41
12 42	36
12 43	9
12 48	27
12 49	0
12 50	24
12 51	17
12 53	14
12 55	20
12 57	29
12 59	21
13 1	11
13 2	43
13 3	49
13 4	17
13 5	10
13 6	2
13 9	53
13 15	7
13 17	3
13 18	6
13 19	14
13 21	8
13 22	42
13 24	57
13 25	46
13 26	27
13 27	9
13 28	47
13 29	55
13 30	12
13 34	31
13 35	48
13 38	15
13 44	19
13 45	29
13 46	37
13 47	40
13 50	25
13 54	26
13 55	33
13 56	41
13 57	59
13 58	45
13 59	44
14 2	10
14 3	2
14 10	9
14 11	47
14 14	34
14 15	13
14 16	8
14 18	51
14 19	44
14 25	57
14 28	31
14 29	48
14 31	0
14 34	45
14 36	46
14 37	59
14 38	12
14 39	58
14 44	29
14 48	20
14 51	40
14 53	36
14 55	17
14 56	35
14 59	25
15 0	28
15 3	35
15 5	3
15 6	24
15 7	46
15 8	50
15 14	19
15 17	54
15 22	11
15 26	4
15 28	59
15 29	0
15 31	30
15 34	29
15 36	7
15 39	41
15 40	48
15 41	5
15 43	23
15 45	20
15 48	22
15 49	44
15 53	47
15 55	12
15 58	6
15 59	43
16 2	51
16 3	9
16 4	2
16 5	44
16 7	57
16 8	48
16 11	15
16 12	21
16 13	7
16 15	39
16 17	40
16 22	12
16 23	35
16 25	5
16 26	58
16 27	54
16 28	1
16 32	55
16 34	36
16 38	13
16 40	17
16 41	33
16 42	42
16 43	37
16 44	30
16 45	25
16 46	47
16 50	29
16 58	52
17 0	30
17 5	25
17 8	45
17 10	49
17 14	41
17 15	48
17 17	34
17 22	18
17 23	21
17 26	59
17 27	51
17 29	31
17 31	28
17 32	15
17 34	0
17 35	4
17 36	8
17 38	17
17 39	6
17 49	43
17 50	14
17 57	19
17 59	24
18 1	15
18 3	58
18 5	29
18 7	31
18 9	28
18 10	2
18 11	35
18 12	26
18 13	33
18 19	13
18 20	12
18 21	45
18 23	54
18 24	34
18 26	0
18 27	18
18 29	53
18 33	36
18 34	37
18 35	47
18 36	11
18 37	42
18 38	16
18 39	9
18 41	50
18 43	48
18 44	40
18 46	55
18 47	59
18 48	4
18 49	49
18 50	52
18 53	56
18 54	27
18 55	6
18 59	10
19 0	9
19 2	6
19 3	45
19 6	49
19 8	3
19 11	51
19 12	47
19 16	27
19 18	42
19 19	31
19 24	1
19 25	16
19 27	41
19 29	15
19 30	18
19 31	40
19 33	39
19 41	55
19 42	13
19 45	36
19 47	38
19 50	19
19 51	37
19 52	44
19 54	11
19 57	23
19 58	4
20 0	45
20 1	19
20 3	27
20 4	33
20 5	55
20 8	49
20 9	59
20 11	13
20 15	50
20 16	18
20 17	29
20 18	23
20 22	38
20 25	36
20 28	22
20 29	57
20 30	32
20 33	37
20 35	46
20 37	51
20 38	54
20 40	53
20 44	48
20 45	1
20 48	24
20 55	34
20 57	3
20 58	14
21 0	52
21 2	28
21 7	42
21 8	40
21 9	39
21 10	25
21 12	32
21 16	20
21 17	46
21 19	41
21 20	37
21 22	6
21 23	23
21 24	59
21 25	3
21 26	31
21 27	12
21 29	49
21 32	16
21 33	9
21 35	11
21 36	0
21 37	50
21 39	21
21 41	34
21 42	18
21 43	58
21 45	13
21 48	29
21 49	19
21 52	36
21 54	5
22 1	36
22 3	53
22 4	59
22 8	18
22 9	41
22 10	35
22 11	25
22 12	24
22 13	32
22 15	12
22 16	58
22 17	44
22 21	19
22 23	49
22 24	20
22 25	14
22 34	40
22 37	27
22 40	47
22 42	17
22 43	43
22 45	28
22 46	23
22 48	1
22 49	21
22 50	10
22 51	38
22 53	29
22 57	26
23 1	35
23 3	37
23 4	20
23 6	11
23 7	3
23 10	15
23 13	34
23 15	27
23 16	49
23 19	51
23 20	4
23 21	52
23 23	59
23 27	57
23 29	36
23 34	44
23 35	13
23 37	40
23 44	26
23 46	43
23 47	42
23 48	10
23 50	47
23 53	25
23 55	8
23 56	32
23 58	9
24 0	4
24 2	44
24 3	18
24 5	47
24 9	24
24 12	30
24 13	6
24 14	2
24 15	51
24 16	29
24 17	36
24 18	39
24 20	58
24 21	23
24 23	33
24 24	19
24 25	48
24 34	34
24 36	5
24 37	31
24 38	37
24 39	3
24 40	38
24 43	14
24 44	25
24 45	49
24 47	16
24 49	13
24 55	50
24 56	57
24 58	22
25 0	7
25 1	48
25 2	13
25 3	43
25 5	26
25 7	10
25 9	45
25 12	59
25 13	22
25 15	36
25 16	21
25 17	16
25 24	32
25 26	44
25 28	33
25 29	9
25 31	35
25 34	8
25 35	38
25 36	27
25 39	20
25 40	42
25 44	14
25 45	17
25 49	31
25 50	11
25 51	57
25 56	46
25 58	18
25 59	54
26 1	13
26 3	24
26 5	20
26 6	25
26 9	1
26 10	56
26 14	16
26 17	7
26 19	12
26 21	57
26 23	40
26 25	22
26 26	49
26 27	31
26 28	38
26 30	19
26 32	45
26 33	23
26 37	46
26 38	14
26 39	53
26 42	37
26 43	26
26 44	15
26 45	6
26 46	5
26 47	21
26 49	27
26 50	41
26 54	4
26 56	51
26 57	48
27 0	57
27 1	24
27 3	40
27 7	9
27 8	42
27 9	46
27 10	31
27 14	15
27 16	55
27 19	17
27 20	47
27 21	39
27 26	2
27 27	27
27 28	48
27 30	49
27 31	52
27 32	23
27 34	30
27 36	6
27 37	53
27 38	59
27 39	43
27 41	45
27 43	18
27 44	7
27 48	51
27 49	12
27 50	16
27 52	26
27 53	37
27 54	8
27 59	58
28 3	47
28 6	12
28 7	1
28 8	9
28 10	7
28 12	35
28 13	44
28 14	14
28 15	53
28 18	38
28 22	13
28 25	40
28 26	15
28 28	3
28 29	19
28 30	56
28 31	42
28 36	22
28 37	30
28 38	49
28 40	31
28 41	36
28 42	51
28 45	39
28 46	45
28 47	41
28 48	21
28 49	17
28 54	20
28 58	34
29 1	3
29 2	57
29 3	6
29 5	49
29 6	15
29 7	29
29 11	1
29 14	56
29 16	23
29 19	25
29 20	9
29 21	35
29 22	7
29 23	16
29 25	18
29 26	12
29 27	20
29 28	42
29 33	22
29 38	5
29 40	59
29 41	37
29 42	0
29 43	36
29 45	10
29 49	41
29 51	19
29 52	39
29 53	32
29 54	44
29 57	40
29 59	4
30 0	43
30 2	52
30 3	5
30 5	57
30 6	1
30 7	34
30 8	47
30 9	25
30 10	22
30 11	19
30 12	23
30 13	12
30 15	46
30 16	50
30 17	32
30 23	15
30 24	18
30 25	45
30 28	58
30 30	31
30 32	33
30 34	41
30 35	17
30 36	20
30 40	24
30 42	3
30 43	30
30 46	35
30 48	8
30 51	36
30 55	4
30 57	2
31 0	44
31 2	32
31 3	3
31 7	50
31 8	37
31 12	20
31 15	16
31 16	12
31 19	34
31 20	40
31 22	9
31 25	17
31 26	25
31 29	13
31 31	27
31 34	51
31 36	14
31 40	52
31 41	59
31 42	55
31 44	56
31 45	41
31 46	4
31 47	5
31 48	33
31 49	24
31 51	8
31 54	47
31 55	15
31 57	21
31 59	19
32 0	40
32 2	39
32 8	17
32 9	6
32 10	3
32 11	28
32 12	57
32 13	41
32 14	29
32 17	12
32 18	25
32 19	9
32 21	54
32 23	24
32 24	38
32 25	19
32 26	22
32 28	53
32 29	27
32 31	8
32 32	1
32 33	21
32 36	55
32 41	56
32 42	52
32 43	0
32 45	43
32 47	37
32 51	26
32 52	32
32 58	35
33 2	11
33 3	23
33 4	7
33 6	19
33 7	58
33 11	36
33 13	16
33 14	0
33 15	15
33 16	47
33 17	13
33 19	48
33 23	50
33 25	10
33 33	52
33 34	9
33 35	27
33 36	12
33 37	3
33 38	22
33 42	33
33 43	46
33 44	37
33 45	8
33 47	56
33 48	31
33 49	40
33 50	39
33 51	59
33 53	44
33 56	30
33 58	41
33 59	51
34 7	26
34 9	3
34 10	58
34 12	18
34 14	10
34 15	28
34 16	15
34 18	54
34 19	38
34 20	22
34 24	9
34 25	49
34 28	51
34 30	24
34 31	16
34 32	52
34 33	7
34 37	57
34 41	44
34 43	11
34 44	33
34 45	45
34 49	37
34 53	4
34 54	32
34 57	43
34 58	42
35 0	54
35 3	10
35 5	36
35 7	6
35 8	32
35 9	47
35 12	0
35 13	40
35 14	1
35 17	22
35 22	26
35 24	52
35 26	57
35 27	4
35 29	43
35 30	59
35 31	41
35 33	14
35 34	23
35 35	19
35 38	20
35 41	58
35 42	7
35 48	3
35 49	33
35 50	13
35 52	51
35 53	24
35 54	17
35 55	25
35 56	11
35 57	49
35 59	27
36 1	53
36 2	9
36 3	48
36 6	35
36 7	14
36 8	20
36 12	31
36 15	30
36 19	27
36 20	18
36 23	8
36 24	29
36 26	6
36 32	50
36 33	25
36 35	59
36 36	16
36 37	49
36 38	28
36 39	22
36 40	45
36 44	51
36 48	19
36 49	55
36 51	41
36 53	17
36 54	56
36 58	33
36 59	23
37 1	5
37 4	41
37 10	59
37 12	48
37 13	43
37 15	49
37 17	51
37 18	18
37 21	21
37 25	15
37 27	28
37 31	19
37 34	57
37 35	34
37 36	54
37 37	37
37 41	38
37 45	4
37 47	6
37 48	13
37 49	3
37 55	58
37 58	47
38 4	11
38 7	43
38 10	29
38 13	54
38 15	56
38 17	2
38 18	24
38 23	9
38 26	7
38 28	0
38 31	36
38 34	25
38 36	48
38 39	4
38 40	58
38 45	21
38 46	53
38 47	19
38 51	46
38 52	31
38 53	16
38 55	49
38 56	55
38 57	50
39 0	36
39 2	24
39 3	34
39 4	58
39 7	55
39 11	42
39 12	52
39 14	45
39 15	37
39 16	4
39 17	17
39 19	3
39 20	41
39 23	29
39 24	5
39 25	12
39 26	9
39 27	6
39 30	11
39 31	18
39 32	32
39 33	53
39 34	26
39 35	57
39 37	28
39 39	25
39 44	50
39 45	16
39 47	39
39 48	59
39 50	56
39 51	7
39 53	15
39 59	1
40 0	37
40 1	0
40 2	3
40 3	20
40 4	21
40 5	50
40 9	35
40 10	48
40 11	46
40 13	19
40 15	1
40 18	31
40 20	59
40 22	45
40 23	58
40 26	28
40 28	5
40 32	27
40 35	8
40 37	26
40 39	44
40 45	14
40 47	29
40 51	53
40 53	55
40 54	36
40 57	52
40 59	7
41 0	16
41 2	47
41 3	38
41 4	29
41 5	52
41 6	55
41 7	13
41 11	7
41 12	3
41 14	37
41 17	14
41 19	30
41 21	41
41 25	50
41 26	18
41 27	2
41 28	36
41 29	54
41 31	24
41 32	17
41 33	42
41 36	53
41 37	10
41 39	0
41 41	26
41 43	4
41 45	59
41 46	49
41 47	25
41 49	28
41 51	34
41 52	21
41 53	39
41 55	56
41 56	22
41 59	45
42 0	22
42 1	56
42 2	33
42 4	43
42 5	15
42 6	37
42 7	2
42 13	55
42 14	59
42 18	44
42 21	42
42 22	54
42 24	11
42 25	23
42 26	29
42 27	24
42 33	35
42 34	49
42 35	9
42 37	34
42 40	40
42 44	17
42 49	18
42 50	53
43 0	47
43 1	57
43 3	12
43 5	39
43 6	21
43 8	24
43 11	22
43 12	28
43 13	17
43 18	9
43 20	0
43 24	30
43 25	7
43 28	6
43 29	1
43 30	53
43 31	2
43 32	8
43 33	49
43 36	59
43 40	36
43 42	45
43 43	44
43 44	35
43 47	48
43 49	4
43 50	26
43 51	13
43 53	18
43 54	46
43 55	40
44 0	25
44 1	42
44 2	45
44 3	54
44 4	44
44 6	43
44 8	57
44 10	51
44 12	49
44 14	38
44 19	11
44 21	9
44 25	26
44 27	34
44 28	15
44 29	17
44 31	20
44 34	59
44 36	29
44 39	19
44 40	1
44 43	16
44 45	46
44 46	18
44 47	28
44 51	58
44 52	27
44 57	39
45 0	49
45 1	34
45 2	55
45 3	39
45 6	27
45 7	44
45 8	2
45 9	21
45 10	4
45 11	37
45 12	10
45 14	24
45 16	9
45 18	14
45 19	26
45 20	23
45 22	50
45 26	38
45 28	45
45 29	52
45 30	17
45 31	1
45 33	16
45 34	42
45 38	19
45 39	31
45 42	56
45 43	13
45 44	46
45 47	33
45 54	48
46 3	13
46 4	4
46 8	0
46 11	24
46 12	12
46 17	33
46 18	19
46 22	36
46 24	58
46 26	11
46 27	15
46 28	54
46 32	56
46 33	18
46 34	7
46 35	20
46 37	29
46 38	26
46 39	16
46 40	30
46 41	48
46 42	35
46 43	27
46 44	3
46 45	55
46 46	46
46 47	34
46 49	47
46 51	10
46 52	28
46 54	6
46 55	1
47 0	23
47 5	14
47 6	3
47 7	19
47 8	59
47 12	5
47 14	18
47 16	26
47 17	37
47 19	56
47 22	25
47 24	44
47 25	43
47 26	51
47 28	34
47 30	21
47 31	29
47 33	2
47 34	4
47 37	8
47 40	9
47 41	17
47 46	11
47 49	1
47 50	38
47 53	53
47 57	15
48 0	26
48 6	57
48 7	41
48 8	53
48 9	7
48 10	38
48 13	37
48 14	44
48 15	19
48 16	25
48 19	40
48 21	58
48 23	51
48 24	54
48 25	29
48 29	16
48 30	36
48 33	3
48 38	50
48 39	27
48 40	35
48 41	6
48 44	5
48 45	33
48 47	55
48 48	49
48 53	43
48 54	28
48 55	0
48 58	21
49 2	56
49 3	59
49 4	31
49 5	46
49 7	33
49 8	12
49 10	32
49 11	45
49 12	51
49 13	27
49 14	48
49 15	26
49 17	4
49 19	6
49 23	19
49 24	16
49 26	14
49 28	18
49 29	40
49 30	28
49 31	39
49 35	0
49 36	2
49 37	54
49 38	41
49 39	23
49 43	21
49 44	36
49 45	35
49 47	11
49 48	44
49 49	53
49 51	20
49 52	24
49 53	22
49 54	1
49 57	25
49 58	49
50 0	5
50 4	26
50 9	37
50 11	31
50 14	54
50 16	35
50 17	24
50 20	6
50 24	10
50 26	46
50 27	50
50 28	56
50 29	22
50 30	7
50 32	13
50 33	41
50 34	3
50 35	51
50 37	15
50 42	44
50 43	2
50 44	18
50 46	8
50 47	12
50 48	52
50 50	1
50 51	29
50 54	19
50 56	34
50 57	55
51 1	44
51 5	38
51 9	26
51 10	16
51 12	15
51 14	7
51 18	20
51 22	43
51 23	3
51 24	35
51 26	47
51 27	59
51 29	39
51 31	9
51 32	5
51 33	17
51 34	27
51 36	57
51 39	34
51 42	40
51 43	10
51 44	28
51 45	31
51 47	49
51 49	8
51 50	23
51 51	12
51 52	56
51 56	0
51 58	24
52 3	41
52 6	33
52 8	23
52 10	53
52 12	29
52 14	50
52 16	32
52 17	15
52 18	17
52 19	5
52 22	47
52 23	57
52 26	55
52 28	37
52 29	26
52 30	13
52 39	48
52 40	6
52 42	49
52 43	54
52 44	16
52 45	52
52 48	39
52 49	51
52 55	44
52 56	1
52 57	12
52 58	27
52 59	2
53 1	37
53 4	56
53 5	42
53 7	32
53 12	50
53 13	18
53 16	38
53 20	17
53 22	5
53 24	3
53 26	24
53 28	11
53 30	15
53 33	29
53 35	1
53 38	6
53 42	53
53 44	49
53 46	34
53 51	39
53 52	48
53 53	2
53 54	23
53 56	47
53 59	40
54 1	30
54 2	1
54 6	54
54 7	7
54 9	29
54 11	40
54 12	13
54 13	9
54 14	53
54 15	44
54 17	39
54 18	36
54 20	27
54 22	3
54 24	22
54 27	47
54 28	17
54 29	28
54 32	2
54 33	11
54 36	4
54 37	45
54 39	46
54 42	25
54 43	42
54 44	52
54 45	23
54 46	16
54 47	35
54 48	43
54 50	55
54 53	59
54 54	34
54 55	57
54 59	26
55 2	22
55 4	0
55 5	5
55 8	28
55 10	11
55 12	7
55 13	21
55 14	9
55 17	48
55 18	40
55 19	45
55 20	54
55 21	14
55 22	57
55 23	31
55 29	4
55 31	53
55 32	41
55 35	18
55 36	32
55 38	36
55 40	2
55 41	35
55 46	27
55 51	55
55 52	58
55 53	12
55 55	42
55 57	8
55 58	59
56 2	29
56 3	19
56 4	3
56 6	7
56 7	48
56 13	36
56 15	47
56 17	0
56 18	1
56 20	31
56 24	49
56 26	17
56 28	26
56 31	58
56 33	28
56 36	34
56 38	39
56 42	57
56 50	5
56 52	20
56 55	46
56 56	25
56 57	45
56 58	53
57 0	0
57 2	7
57 3	32
57 4	10
57 8	11
57 11	53
57 13	3
57 20	50
57 22	37
57 23	28
57 27	8
57 28	27
57 32	9
57 33	47
57 34	21
57 36	26
57 37	22
57 40	4
57 41	39
57 42	19
57 43	40
57 44	59
57 46	29
57 51	25
57 52	5
57 53	51
57 55	24
57 56	45
57 59	15
58 3	17
58 4	40
58 5	59
58 7	8
58 9	44
58 15	32
58 20	21
58 23	25
58 24	6
58 26	16
58 27	13
58 28	50
58 30	37
58 32	22
58 33	48
58 35	39
58 40	29
58 41	15
58 45	12
58 49	36
58 52	38
58 53	54
58 56	24
58 58	55
58 59	35
59 0	53
59 2	40
59 6	48
59 7	18
59 10	55
59 11	54
59 14	47
59 15	17
59 19	20
59 21	51
59 23	12
59 24	21
59 27	45
59 28	25
59 30	29
59 31	37
59 33	43
59 35	5
59 36	28
59 38	27
59 39	13
59 41	22
59 43	3
59 44	4
59 45	56
59 49	59
59 50	44
59 51	32
59 52	57
59 56	42
