60
0 0	40
0 1	42
0 2	59
0 4	38
0 6	13
0 7	27
0 12	57
0 13	4
0 14	48
0 16	20
0 17	56
0 20	37
0 23	8
0 24	25
0 25	17
0 26	24
0 27	49
0 28	35
0 29	2
0 31	22
0 32	53
0 33	9
0 34	23
0 35	29
0 37	6
0 38	43
0 39	34
0 40	26
0 41	33
0 42	14
0 45	46
0 46	45
0 48	7
0 50	15
0 51	21
0 53	51
0 54	18
0 55	41
0 56	28
0 57	19
0 59	58
1 0	39
1 3	19
1 4	7
1 5	38
1 6	30
1 7	56
1 9	1
1 11	3
1 13	33
1 14	29
1 15	59
1 16	27
1 18	18
1 20	41
1 22	37
1 23	0
1 25	6
1 26	44
1 29	28
1 32	31
1 34	32
1 36	48
1 39	9
1 40	11
1 44	22
1 45	26
1 47	4
1 48	46
1 49	58
1 50	34
1 51	42
1 52	45
1 53	14
1 54	47
1 55	52
1 56	51
1 57	5
1 59	54
2 3	20
2 7	57
2 10	40
2 11	4
2 12	51
2 13	35
2 17	15
2 18	0
2 19	13
2 21	59
2 22	11
2 24	6
2 27	30
2 29	37
2 31	42
2 32	19
2 34	12
2 36	49
2 37	29
2 40	23
2 41	7
2 43	9
2 44	25
2 47	14
2 48	56
2 50	3
2 51	16
2 54	34
2 59	55
3 1	26
3 2	46
3 3	54
3 4	59
3 5	34
3 7	32
3 8	37
3 10	17
3 11	36
3 13	20
3 14	39
3 16	16
3 19	33
3 20	31
3 21	15
3 22	42
3 26	52
3 29	51
3 30	10
3 32	45
3 34	40
3 35	19
3 39	24
3 40	6
3 41	30
3 42	0
3 45	58
3 46	21
3 48	41
3 49	14
3 50	53
3 52	8
3 53	56
3 54	44
3 55	13
3 57	23
3 58	35
3 59	49
4 0	11
4 1	56
4 2	32
4 4	52
4 7	0
4 8	20
4 11	18
4 12	15
4 13	23
4 14	47
4 15	38
4 16	2
4 17	14
4 18	8
4 20	10
4 21	9
4 23	34
4 25	59
4 26	12
4 28	26
4 31	4
4 34	48
4 35	27
4 39	17
4 40	13
4 41	50
4 46	58
4 47	33
4 48	3
4 49	6
4 50	41
4 52	37
4 57	44
4 58	31
4 59	7
5 0	15
5 1	31
5 2	54
5 3	39
5 4	29
5 7	24
5 8	6
5 10	19
5 11	43
5 12	2
5 13	48
5 14	17
5 16	11
5 17	3
5 18	45
5 19	8
5 20	18
5 22	13
5 26	34
5 27	52
5 28	16
5 29	53
5 32	22
5 33	20
5 35	35
5 40	57
5 41	25
5 42	47
5 43	36
5 44	49
5 45	30
5 47	23
5 48	26
5 49	9
5 51	4
5 52	40
5 56	56
5 59	1
6 0	35
6 1	4
6 3	34
6 5	49
6 8	0
6 9	25
6 12	19
6 14	21
6 15	41
6 16	15
6 17	30
6 22	46
6 25	53
6 27	45
6 30	17
6 31	11
6 32	14
6 33	54
6 34	51
6 37	24
6 38	58
6 40	29
6 41	5
6 42	40
6 43	27
6 44	37
6 45	33
6 47	12
6 48	28
6 49	57
6 51	8
6 54	59
6 55	39
6 57	38
7 3	30
7 4	45
7 5	46
7 6	14
7 7	36
7 8	43
7 9	51
7 10	44
7 12	48
7 16	28
7 18	27
7 21	32
7 23	33
7 24	35
7 25	54
7 27	23
7 28	5
7 29	9
7 30	42
7 32	10
7 33	49
7 39	0
7 40	19
7 41	40
7 42	12
7 43	57
7 44	24
7 47	8
7 50	52
7 51	11
7 52	50
7 54	41
7 57	58
7 58	2
7 59	25
8 2	17
8 4	22
8 5	18
8 7	33
8 8	54
8 9	47
8 10	7
8 11	0
8 12	52
8 14	15
8 15	53
8 16	35
8 18	2
8 19	19
8 20	55
8 21	25
8 24	41
8 25	21
8 29	24
8 30	48
8 31	59
8 32	49
8 33	12
8 34	27
8 36	44
8 37	40
8 38	30
8 40	42
8 41	38
8 42	3
8 43	16
8 44	10
8 45	9
8 46	34
8 48	51
8 51	39
8 52	4
8 53	23
8 55	45
8 58	20
9 0	56
9 1	40
9 3	57
9 5	29
9 8	21
9 10	48
9 11	45
9 12	20
9 14	59
9 15	13
9 16	39
9 17	17
9 22	30
9 23	32
9 24	7
9 25	3
9 26	55
9 27	46
9 28	0
9 29	38
9 30	18
9 31	2
9 32	11
9 33	10
9 34	15
9 35	51
9 37	23
9 39	33
9 41	41
9 42	31
9 44	54
9 47	36
9 48	4
9 53	22
9 54	43
9 55	26
9 57	52
9 58	37
10 1	50
10 3	13
10 6	1
10 8	8
10 9	40
10 11	30
10 13	47
10 15	18
10 16	48
10 17	39
10 18	42
10 19	29
10 22	5
10 23	10
10 24	20
10 25	51
10 26	0
10 28	23
10 29	6
10 30	44
10 31	35
10 35	17
10 36	24
10 37	41
10 38	27
10 39	58
10 41	28
10 42	15
10 43	43
10 46	9
10 47	45
10 48	38
10 51	7
10 52	26
10 53	21
10 54	36
10 56	46
10 57	32
11 2	38
11 3	45
11 4	41
11 5	55
11 6	51
11 9	4
11 10	54
11 13	30
11 15	8
11 16	58
11 17	12
11 19	9
11 20	53
11 21	6
11 22	2
11 23	31
11 25	42
11 26	10
11 29	3
11 33	33
11 34	1
11 36	26
11 37	28
11 38	14
11 42	16
11 43	21
11 44	56
11 46	57
11 47	32
11 48	37
11 49	15
11 52	13
11 53	40
11 54	11
11 56	59
11 57	29
11 58	24
12 0	34
12 1	27
12 3	52
12 5	7
12 8	23
12 9	33
12 10	56
12 13	51
12 14	13
12 15	19
12 16	57
12 17	8
12 19	35
12 21	53
12 22	54
12 23	36
12 24	43
12 26	18
12 31	47
12 33	14
12 35	49
12 36	42
12 37	55
12 38	50
12 39	25
12 44	48
12 45	12
12 46	28
12 47	38
12 48	16
12 52	32
12 54	6
12 55	44
12 56	30
12 57	26
12 59	17
13 3	4
13 4	15
13 5	59
13 7	46
13 8	47
13 9	12
13 10	57
13 12	23
13 13	37
13 16	19
13 18	33
13 19	53
13 21	40
13 23	13
13 24	17
13 25	36
13 26	27
13 29	25
13 30	41
13 33	18
13 35	1
13 37	31
13 38	22
13 39	3
13 40	34
13 41	58
13 43	51
13 44	30
13 45	8
13 46	11
13 49	55
13 50	54
13 52	10
13 53	24
13 54	38
13 56	35
13 58	16
14 0	22
14 1	54
14 2	30
14 4	46
14 7	28
14 10	5
14 11	53
14 13	42
14 14	50
14 19	34
14 21	52
14 23	56
14 26	23
14 27	14
14 28	25
14 30	35
14 31	17
14 32	47
14 33	29
14 34	4
14 35	37
14 36	31
14 37	16
14 38	2
14 39	21
14 40	12
14 41	19
14 42	6
14 43	15
14 46	38
14 47	59
14 48	27
14 49	7
14 50	36
14 51	57
14 52	20
14 53	58
14 55	55
14 56	9
14 57	11
14 59	8
15 0	4
15 1	2
15 2	5
15 3	9
15 4	51
15 5	24
15 8	15
15 9	21
15 11	8
15 12	29
15 13	0
15 14	54
15 15	22
15 17	49
15 19	31
15 20	52
15 23	38
15 25	41
15 30	33
15 32	39
15 34	25
15 35	34
15 38	44
15 40	27
15 42	57
15 43	20
15 44	53
15 49	3
15 50	37
15 51	32
15 53	36
15 54	55
15 55	30
15 57	28
15 58	40
15 59	16
16 3	17
16 4	16
16 5	40
16 6	59
16 7	11
16 9	39
16 11	2
16 12	31
16 14	25
16 15	5
16 16	49
16 18	35
16 19	23
16 20	47
16 21	37
16 22	56
16 23	53
16 26	28
16 28	46
16 29	43
16 30	22
16 32	44
16 34	45
16 36	7
16 37	50
16 38	21
16 39	54
16 41	6
16 42	33
16 47	18
16 49	1
16 51	15
16 52	29
16 55	38
16 57	13
16 58	4
17 0	10
17 2	53
17 3	23
17 5	42
17 6	0
17 8	14
17 9	20
17 11	47
17 12	49
17 13	8
17 14	28
17 16	3
17 20	11
17 24	9
17 25	40
17 27	59
17 29	19
17 30	4
17 32	29
17 33	27
17 34	37
17 38	18
17 39	1
17 40	38
17 41	16
17 44	17
17 45	7
17 46	39
17 47	22
17 48	32
17 50	21
17 51	52
17 52	46
17 55	51
17 57	41
17 58	48
17 59	33
18 0	44
18 1	13
18 4	42
18 5	53
18 6	43
18 7	29
18 9	48
18 10	4
18 11	9
18 13	40
18 18	16
18 21	1
18 22	3
18 23	14
18 24	0
18 26	31
18 27	50
18 28	38
18 29	55
18 31	24
18 35	32
18 36	11
18 41	12
18 43	37
18 44	47
18 45	54
18 47	57
18 48	18
18 49	34
18 50	20
18 52	33
18 54	35
18 56	2
18 57	49
19 2	4
19 5	44
19 6	38
19 8	49
19 9	42
19 10	31
19 11	6
19 12	46
19 15	9
19 16	7
19 17	28
19 18	29
19 19	30
19 21	17
19 22	1
19 25	32
19 28	21
19 31	14
19 33	8
19 35	16
19 38	39
19 39	48
19 41	20
19 44	19
19 45	15
19 46	55
19 48	13
19 50	40
19 51	35
19 52	34
19 54	25
19 55	23
19 57	22
19 58	26
19 59	3
20 0	16
20 2	18
20 3	32
20 4	58
20 5	54
20 6	34
20 7	49
20 11	59
20 12	35
20 14	0
20 15	48
20 17	13
20 21	45
20 22	12
20 24	53
20 26	15
20 27	57
20 29	30
20 30	24
20 31	31
20 33	17
20 35	8
20 36	27
20 40	21
20 41	43
20 44	28
20 46	19
20 47	47
20 49	20
20 50	38
20 51	25
20 53	41
20 54	42
20 58	29
20 59	46
21 0	13
21 1	20
21 2	25
21 3	8
21 4	37
21 5	19
21 6	11
21 8	57
21 9	35
21 10	29
21 13	5
21 14	40
21 17	0
21 21	36
21 22	39
21 23	55
21 25	45
21 33	41
21 35	28
21 37	47
21 38	32
21 39	38
21 40	54
21 41	24
21 42	2
21 46	49
21 47	52
21 49	48
21 51	56
21 54	22
21 55	34
21 57	27
21 58	51
22 0	30
22 4	13
22 7	48
22 8	26
22 10	27
22 12	24
22 13	58
22 15	49
22 17	10
22 18	23
22 21	44
22 22	38
22 24	8
22 25	31
22 27	35
22 28	36
22 29	1
22 30	56
22 31	19
22 32	46
22 33	7
22 34	6
22 38	4
22 41	21
22 43	41
22 46	50
22 49	47
22 50	32
22 51	53
22 52	28
22 54	9
22 55	57
22 57	12
22 58	34
23 0	49
23 2	8
23 3	55
23 4	48
23 5	11
23 6	52
23 7	42
23 9	28
23 10	58
23 12	14
23 13	38
23 15	23
23 16	37
23 20	45
23 21	35
23 22	9
23 23	43
23 25	46
23 26	4
23 29	5
23 31	56
23 32	21
23 33	1
23 34	47
23 35	30
23 36	20
23 37	32
23 38	54
23 39	39
23 43	44
23 44	18
23 46	40
23 47	16
23 48	50
23 51	2
23 52	31
23 53	27
23 57	3
23 58	6
24 0	53
24 1	18
24 2	41
24 3	59
24 5	30
24 6	54
24 10	49
24 11	37
24 14	11
24 15	35
24 16	4
24 17	33
24 18	52
24 19	12
24 20	20
24 23	39
24 24	44
24 27	21
24 29	0
24 30	19
24 32	55
24 33	26
24 35	13
24 37	3
24 39	22
24 40	43
24 41	42
24 42	17
24 43	45
24 44	8
24 45	51
24 49	38
24 51	23
24 52	56
24 53	10
24 54	58
24 57	36
24 58	9
25 4	27
25 6	28
25 8	29
25 9	7
25 10	8
25 11	57
25 12	42
25 15	16
25 17	11
25 18	5
25 20	13
25 21	20
25 22	0
25 24	4
25 25	35
25 27	34
25 29	15
25 30	25
25 32	30
25 33	56
25 34	38
25 35	14
25 36	46
25 37	48
25 40	18
25 41	37
25 42	51
25 44	55
25 46	3
25 47	21
25 48	9
25 49	39
25 50	2
25 51	26
25 52	12
25 54	31
25 55	47
25 57	10
25 58	53
26 0	38
26 2	44
26 3	48
26 4	39
26 5	36
26 6	40
26 7	47
26 8	42
26 9	56
26 10	21
26 11	28
26 12	34
26 16	29
26 22	20
26 24	54
26 26	57
26 27	53
26 32	6
26 33	13
26 35	12
26 36	10
26 37	33
26 40	37
26 43	52
26 45	19
26 46	15
26 47	46
26 49	11
26 54	2
26 55	3
26 57	59
26 58	1
26 59	30
27 0	33
27 1	28
27 3	38
27 7	35
27 8	59
27 9	23
27 10	45
27 13	11
27 16	25
27 17	19
27 18	10
27 20	12
27 21	51
27 23	46
27 25	27
27 26	47
27 27	40
27 30	34
27 31	9
27 36	8
27 37	15
27 41	2
27 42	22
27 45	39
27 47	31
27 48	5
27 49	54
27 50	6
27 53	4
27 56	7
27 57	53
27 59	44
28 0	8
28 3	11
28 7	14
28 8	39
28 10	9
28 11	29
28 12	4
28 14	26
28 15	34
28 16	40
28 17	23
28 19	15
28 24	12
28 25	33
28 28	18
28 30	55
28 31	16
28 33	22
28 35	2
28 36	36
28 37	21
28 38	5
28 39	32
28 40	28
28 41	44
28 42	45
28 46	0
28 47	3
28 51	58
28 52	47
28 54	1
28 56	20
28 57	30
29 0	14
29 2	12
29 3	56
29 5	27
29 7	8
29 8	36
29 9	53
29 10	51
29 12	16
29 14	20
29 15	29
29 16	34
29 18	19
29 20	24
29 21	31
29 24	52
29 25	4
29 26	50
29 29	33
29 30	21
29 32	1
29 33	2
29 34	58
29 39	6
29 40	46
29 43	23
29 45	11
29 46	47
29 51	54
29 52	57
29 54	48
29 55	10
29 56	13
29 57	7
30 2	19
30 3	35
30 4	31
30 7	15
30 8	33
30 9	2
30 10	18
30 11	58
30 14	9
30 15	27
30 18	48
30 19	57
30 20	50
30 22	4
30 25	13
30 27	36
30 28	52
30 30	49
30 31	39
30 33	45
30 35	20
30 37	34
30 39	10
30 40	7
30 42	53
30 43	38
30 46	6
30 47	17
30 49	0
30 51	46
30 53	12
30 56	37
30 57	54
30 58	59
30 59	22
31 3	53
31 4	54
31 6	2
31 7	30
31 8	56
31 9	10
31 14	42
31 17	18
31 18	20
31 19	6
31 24	47
31 26	7
31 29	32
31 32	5
31 33	48
31 34	3
31 35	24
31 37	19
31 38	52
31 42	38
31 43	58
31 44	34
31 46	8
31 47	40
31 51	36
31 53	55
31 54	0
31 55	35
31 56	45
31 58	21
31 59	26
32 4	40
32 7	9
32 8	34
32 9	57
32 10	59
32 14	32
32 16	55
32 17	22
32 18	4
32 24	37
32 25	0
32 26	35
32 28	42
32 30	51
32 32	50
32 34	11
32 35	43
32 39	23
32 42	46
32 43	26
32 48	49
32 49	19
32 51	44
32 53	15
32 54	13
32 56	6
32 59	28
33 2	14
33 5	17
33 7	41
33 9	34
33 11	13
33 12	40
33 14	23
33 17	57
33 18	37
33 20	36
33 21	43
33 23	25
33 25	7
33 26	9
33 27	4
33 28	39
33 29	44
33 31	10
33 33	11
33 34	5
33 35	42
33 36	51
33 37	26
33 40	47
33 42	19
33 43	46
33 45	28
33 46	54
33 47	53
33 48	24
33 49	35
33 50	30
33 51	38
33 53	1
33 54	29
33 56	33
33 58	52
34 0	45
34 6	16
34 8	25
34 9	22
34 10	30
34 13	50
34 14	18
34 16	41
34 17	2
34 19	52
34 20	44
34 21	39
34 23	51
34 24	19
34 25	26
34 26	37
34 27	43
34 28	9
34 31	6
34 34	36
34 35	10
34 36	55
34 39	13
34 40	33
34 41	17
34 43	31
34 44	42
34 45	21
34 46	56
34 48	35
34 50	7
34 53	46
34 54	53
34 55	40
34 57	24
34 58	54
35 3	21
35 4	6
35 5	16
35 6	8
35 9	18
35 10	13
35 11	50
35 12	7
35 13	53
35 14	19
35 18	39
35 20	56
35 21	26
35 22	24
35 24	46
35 26	40
35 28	11
35 29	54
35 31	44
35 33	23
35 34	43
35 35	36
35 36	47
35 37	1
35 38	0
35 39	31
35 40	41
35 42	35
35 44	38
35 48	30
35 49	32
35 51	20
35 52	48
35 54	27
35 55	14
35 58	15
35 59	42
36 0	27
36 2	16
36 3	36
36 5	58
36 8	22
36 9	31
36 10	20
36 11	32
36 14	8
36 17	48
36 19	38
36 22	45
36 25	56
36 26	6
36 27	1
36 29	34
36 30	39
36 34	19
36 35	18
36 36	33
36 38	23
36 39	46
36 40	9
36 42	25
36 43	4
36 44	29
36 45	3
36 47	44
36 48	52
36 49	30
36 50	26
36 51	55
36 52	59
36 53	53
36 54	7
36 56	57
36 58	28
37 1	49
37 2	29
37 5	22
37 7	58
37 8	44
37 9	43
37 11	21
37 12	9
37 13	56
37 15	31
37 16	0
37 17	26
37 18	34
37 20	39
37 21	33
37 23	2
37 24	36
37 25	55
37 28	27
37 29	57
37 31	38
37 32	15
37 34	46
37 36	50
37 37	11
37 38	10
37 41	32
37 42	4
37 43	28
37 44	35
37 45	52
37 46	17
37 48	45
37 49	23
37 51	41
37 52	6
37 53	5
37 54	8
37 55	37
37 58	47
37 59	18
38 2	3
38 6	56
38 7	53
38 8	19
38 9	36
38 10	0
38 11	46
38 13	14
38 14	49
38 16	1
38 17	20
38 18	31
38 22	57
38 24	59
38 25	9
38 27	18
38 28	45
38 29	4
38 30	23
38 32	26
38 37	22
38 38	35
38 39	51
38 40	16
38 43	32
38 45	50
38 46	2
38 47	37
38 48	15
38 49	27
38 50	8
38 51	40
38 52	17
38 53	7
38 56	43
38 59	41
39 0	36
39 1	52
39 2	45
39 3	6
39 5	9
39 7	38
39 9	8
39 11	14
39 14	46
39 16	26
39 17	7
39 18	59
39 19	16
39 20	21
39 22	55
39 24	24
39 25	43
39 26	13
39 27	22
39 31	53
39 32	58
39 33	34
39 34	2
39 36	17
39 37	20
39 39	42
39 40	30
39 41	3
39 43	33
39 45	31
39 46	37
39 50	56
39 52	19
39 54	40
39 56	41
39 57	1
40 1	8
40 3	37
40 4	10
40 5	13
40 7	16
40 8	30
40 12	25
40 13	52
40 14	56
40 15	12
40 16	6
40 18	58
40 19	28
40 20	27
40 22	34
40 24	33
40 26	32
40 27	55
40 28	41
40 30	7
40 31	5
40 32	38
40 34	0
40 35	59
40 36	40
40 38	20
40 39	11
40 40	51
40 41	49
40 44	2
40 46	35
40 48	36
40 49	17
40 50	4
40 51	48
40 52	3
40 53	43
40 55	54
40 57	31
40 59	45
41 0	23
41 2	2
41 3	31
41 4	24
41 6	29
41 7	51
41 8	48
41 9	30
41 11	20
41 12	38
41 14	12
41 17	46
41 18	40
41 21	5
41 23	11
41 24	57
41 25	18
41 26	59
41 27	54
41 28	50
41 30	6
41 32	13
41 35	52
41 36	53
41 39	7
41 40	0
41 42	8
41 43	17
41 45	27
41 46	43
41 47	41
41 48	42
41 49	56
41 50	1
41 51	47
41 52	55
41 54	19
41 55	9
41 56	15
41 58	58
41 59	4
42 0	57
42 2	0
42 4	44
42 6	17
42 9	9
42 11	24
42 13	36
42 14	6
42 16	46
42 17	42
42 18	14
42 20	59
42 22	27
42 23	54
42 24	34
42 25	38
42 26	5
42 29	13
42 30	40
42 31	45
42 32	2
42 38	31
42 39	52
42 40	50
42 44	23
42 45	32
42 48	55
42 49	33
42 50	43
42 53	35
42 54	3
42 55	15
43 0	58
43 1	57
43 4	9
43 5	3
43 6	50
43 8	16
43 11	55
43 14	27
43 15	52
43 16	59
43 18	36
43 20	4
43 22	53
43 24	48
43 25	34
43 26	51
43 27	33
43 28	37
43 29	29
43 31	30
43 32	24
43 34	54
43 35	22
43 36	12
43 37	46
43 38	15
43 39	45
43 40	32
43 42	42
43 43	8
43 44	40
43 46	14
43 47	7
43 50	5
43 51	31
43 52	49
43 53	26
43 54	39
43 55	18
44 0	59
44 2	57
44 3	41
44 4	1
44 7	13
44 8	18
44 9	6
44 10	42
44 11	5
44 13	54
44 14	37
44 15	46
44 20	28
44 22	19
44 26	36
44 27	15
44 28	34
44 30	9
44 31	3
44 35	56
44 36	14
44 38	40
44 41	29
44 42	27
44 44	50
44 47	10
44 48	20
44 49	25
44 51	30
44 55	4
44 58	33
44 59	47
45 0	52
45 1	1
45 2	48
45 3	33
45 4	19
45 5	21
45 10	39
45 11	56
45 12	13
45 13	16
45 14	2
45 15	32
45 16	43
45 20	22
45 22	8
45 25	29
45 26	41
45 29	49
45 30	5
45 31	7
45 32	12
45 34	24
45 35	0
45 36	25
45 38	34
45 39	26
45 40	10
45 41	51
45 44	9
45 45	6
45 47	50
45 48	31
45 49	45
45 51	59
45 53	18
45 55	36
45 58	42
46 1	51
46 3	24
46 4	49
46 7	26
46 8	46
46 9	50
46 12	58
46 13	22
46 16	42
46 17	45
46 18	38
46 19	37
46 20	0
46 27	32
46 28	59
46 30	20
46 33	5
46 34	14
46 35	4
46 36	28
46 37	39
46 38	19
46 39	15
46 40	55
46 41	36
46 42	1
46 44	33
46 45	57
46 46	13
46 48	29
46 49	52
46 50	44
46 53	34
46 54	17
46 55	11
46 56	47
46 57	9
47 0	28
47 1	23
47 2	13
47 3	26
47 4	33
47 7	2
47 8	27
47 9	14
47 10	10
47 12	43
47 14	24
47 15	4
47 16	21
47 18	17
47 21	29
47 24	30
47 25	16
47 27	9
47 28	54
47 31	40
47 32	7
47 36	57
47 40	52
47 42	34
47 43	47
47 44	31
47 45	42
47 48	1
47 50	11
47 51	51
47 53	19
47 54	49
47 57	0
47 58	32
48 2	22
48 3	18
48 4	17
48 5	2
48 7	43
48 8	31
48 9	29
48 11	10
48 14	41
48 16	8
48 18	32
48 19	26
48 22	35
48 24	55
48 27	5
48 29	7
48 31	0
48 32	27
48 34	16
48 36	38
48 38	51
48 39	19
48 42	13
48 45	45
48 46	12
48 47	54
48 48	21
48 50	24
48 53	59
48 54	56
48 55	28
48 56	3
48 58	30
48 59	39
49 0	46
49 2	34
49 3	50
49 5	6
49 10	37
49 11	23
49 12	17
49 15	15
49 17	25
49 18	22
49 19	27
49 20	49
49 21	13
49 23	44
49 24	39
49 25	47
49 32	52
49 33	38
49 34	28
49 35	9
49 36	18
49 40	56
49 41	48
49 43	59
49 47	29
49 49	12
49 50	45
49 52	51
49 53	20
49 54	14
49 55	7
49 56	10
49 57	33
49 58	11
50 2	42
50 4	4
50 5	15
50 6	53
50 7	7
50 8	52
50 9	46
50 12	22
50 14	44
50 16	32
50 17	35
50 21	27
50 23	20
50 24	51
50 25	1
50 30	58
50 31	12
50 33	16
50 35	50
50 36	23
50 37	14
50 38	13
50 39	57
50 40	49
50 41	31
50 42	48
50 43	10
50 44	41
50 45	36
50 46	29
50 47	11
50 48	0
50 49	28
50 51	5
50 52	30
50 54	45
50 57	56
50 58	18
51 1	19
51 2	20
51 3	7
51 5	56
51 8	55
51 11	11
51 13	32
51 14	14
51 16	38
51 18	9
51 21	30
51 23	57
51 24	13
51 27	42
51 28	43
51 29	31
51 30	15
51 31	25
51 34	34
51 35	44
51 36	45
51 37	10
51 38	26
51 39	4
51 40	36
51 42	21
51 44	59
51 48	33
51 49	40
51 53	52
51 55	17
51 56	22
51 57	6
51 58	8
51 59	29
52 1	21
52 2	47
52 4	34
52 5	52
52 7	39
52 8	12
52 9	0
52 10	11
52 11	35
52 12	3
52 13	2
52 15	14
52 17	38
52 18	55
52 19	41
52 20	32
52 21	19
52 24	45
52 25	49
52 27	44
52 29	59
52 30	26
52 31	1
52 32	8
52 34	30
52 35	6
52 36	58
52 38	57
52 42	23
52 43	25
52 44	7
52 45	10
52 46	33
52 47	15
52 48	22
52 49	46
52 50	13
52 54	54
52 56	16
52 57	18
52 58	50
52 59	37
53 0	18
53 1	32
53 2	6
53 4	23
53 5	39
53 6	3
53 7	54
53 10	52
53 11	40
53 12	56
53 13	41
53 14	34
53 15	43
53 16	14
53 17	59
53 18	57
53 20	30
53 22	16
53 23	12
53 24	27
53 26	19
53 28	31
53 29	45
53 30	53
53 31	37
53 33	58
53 38	28
53 39	35
53 43	29
53 44	21
53 47	48
53 49	50
53 50	0
53 51	33
53 52	36
53 54	15
53 55	1
53 57	8
53 59	24
54 0	1
54 1	38
54 2	15
54 3	28
54 4	14
54 5	5
54 8	9
54 9	32
54 10	53
54 12	36
54 13	55
54 14	31
54 15	24
54 17	34
54 18	54
54 19	47
54 22	18
54 23	17
54 24	23
54 27	6
54 28	51
54 30	13
54 31	50
54 33	59
54 34	8
54 35	26
54 36	52
54 37	7
54 38	25
54 39	40
54 40	48
54 41	0
54 43	56
54 44	46
54 45	41
54 46	22
54 47	35
54 49	42
54 52	16
54 53	11
54 55	49
54 57	57
54 58	43
54 59	21
55 0	50
55 1	47
55 5	41
55 8	51
55 9	16
55 11	25
55 12	28
55 14	33
55 15	42
55 17	40
55 20	26
55 21	3
55 22	14
55 25	44
55 26	20
55 27	29
55 31	15
55 34	57
55 35	31
55 37	37
55 39	53
55 40	1
55 43	39
55 44	58
55 46	7
55 47	19
55 48	54
55 50	17
55 51	6
55 52	18
55 54	4
55 56	48
55 57	55
55 59	5
56 0	42
56 1	11
56 3	58
56 5	33
56 9	45
56 11	27
56 12	39
56 13	28
56 14	51
56 15	37
56 17	24
56 20	34
56 22	49
56 23	40
56 25	50
56 26	3
56 33	47
56 36	19
56 37	0
56 39	59
56 40	31
56 41	54
56 43	55
56 44	26
56 48	53
56 51	17
56 52	22
56 53	44
56 55	43
56 56	36
56 57	15
56 58	14
57 0	43
57 2	33
57 3	47
57 4	32
57 6	21
57 8	58
57 9	59
57 12	50
57 13	9
57 14	1
57 15	55
57 16	13
57 17	51
57 18	30
57 20	2
57 26	54
57 27	3
57 32	25
57 34	17
57 36	41
57 38	37
57 39	5
57 40	45
57 42	36
57 44	4
57 46	24
57 47	26
57 52	35
57 55	53
57 57	39
58 1	46
58 3	51
58 4	2
58 5	10
58 6	7
58 7	5
58 9	54
58 10	41
58 11	52
58 12	21
58 14	16
58 15	44
58 16	53
58 18	50
58 20	19
58 21	14
58 23	37
58 29	17
58 30	38
58 31	18
58 32	57
58 33	4
58 34	35
58 40	22
58 41	8
58 43	40
58 44	6
58 46	36
58 50	58
58 54	20
58 59	9
59 0	51
59 3	15
59 5	32
59 6	9
59 7	17
59 9	37
59 11	31
59 12	26
59 13	3
59 16	56
59 17	47
59 18	11
59 20	57
59 21	49
59 22	6
59 23	41
59 24	38
59 25	52
59 26	22
59 27	39
59 30	30
59 31	23
59 33	36
59 36	29
59 38	33
59 39	27
59 40	24
59 41	1
59 42	59
59 43	0
59 46	4
59 47	28
59 48	2
59 51	13
59 53	48
59 54	12
59 56	8
59 57	50
59 59	34
