60
0 0	44
0 1	0
0 2	39
0 4	38
0 5	7
0 6	58
0 12	36
0 13	54
0 14	10
0 15	6
0 17	12
0 19	53
0 20	41
0 23	37
0 24	48
0 25	14
0 26	26
0 27	52
0 28	4
0 29	55
0 30	18
0 31	50
0 32	1
0 34	47
0 36	28
0 37	21
0 39	16
0 41	15
0 43	33
0 44	11
0 45	20
0 47	2
0 49	46
0 51	25
0 52	5
0 53	57
0 54	45
0 55	8
0 56	3
0 57	51
0 58	49
0 59	42
1 0	0
1 1	47
1 3	38
1 6	1
1 8	2
1 9	22
1 10	43
1 15	42
1 16	11
1 17	32
1 22	19
1 23	8
1 24	12
1 26	39
1 27	20
1 28	17
1 29	18
1 30	15
1 34	50
1 35	25
1 36	57
1 39	4
1 40	31
1 41	37
1 43	26
1 47	3
1 48	13
1 49	55
1 50	58
1 51	48
1 52	34
1 54	27
1 55	44
1 56	14
1 57	21
1 58	52
1 59	23
2 0	35
2 1	13
2 2	50
2 3	54
2 4	55
2 5	27
2 6	53
2 7	16
2 8	9
2 9	58
2 10	8
2 11	19
2 13	22
2 15	40
2 16	7
2 17	36
2 18	2
2 20	34
2 21	28
2 23	44
2 24	25
2 25	48
2 28	18
2 30	0
2 31	42
2 32	33
2 33	3
2 34	57
2 35	51
2 36	46
2 39	24
2 41	39
2 42	14
2 43	1
2 44	49
2 45	41
2 46	21
2 47	12
2 50	47
2 51	23
2 52	17
2 53	11
2 54	26
2 55	59
2 56	15
2 57	56
2 58	45
2 59	10
3 2	20
3 3	3
3 4	32
3 6	55
3 7	5
3 9	2
3 11	33
3 12	41
3 13	31
3 14	28
3 15	36
3 16	1
3 17	14
3 18	29
3 19	10
3 22	12
3 24	37
3 26	52
3 27	57
3 29	45
3 32	24
3 33	56
3 35	46
3 36	8
3 37	49
3 38	50
3 39	21
3 40	26
3 41	47
3 42	48
3 43	23
3 44	43
3 45	42
3 46	11
3 47	27
3 48	54
3 49	16
3 50	39
3 51	59
3 53	6
3 54	9
3 56	25
3 57	4
3 58	18
4 1	32
4 4	13
4 6	41
4 12	3
4 13	14
4 15	53
4 16	15
4 17	17
4 18	24
4 21	1
4 23	34
4 25	8
4 26	6
4 27	16
4 28	42
4 29	50
4 30	46
4 35	0
4 36	37
4 37	31
4 39	22
4 40	4
4 41	55
4 42	20
4 43	44
4 44	10
4 45	29
4 47	59
4 48	7
4 49	38
4 51	2
4 53	51
4 57	27
4 58	56
5 1	14
5 4	40
5 5	1
5 6	7
5 9	38
5 10	29
5 11	30
5 13	53
5 14	33
5 17	34
5 19	43
5 21	3
5 25	20
5 26	36
5 28	47
5 29	57
5 30	4
5 31	46
5 33	24
5 34	15
5 35	52
5 36	0
5 37	59
5 38	5
5 39	31
5 40	28
5 42	49
5 44	16
5 45	35
5 46	27
5 47	58
5 48	2
5 49	42
5 50	21
5 51	12
5 52	9
5 53	41
5 54	25
5 55	50
5 56	45
5 58	6
5 59	51
6 0	43
6 1	21
6 2	4
6 3	20
6 7	6
6 8	47
6 11	26
6 13	50
6 14	9
6 16	57
6 18	40
6 20	17
6 23	29
6 24	35
6 28	8
6 29	54
6 30	13
6 31	27
6 32	19
6 34	55
6 35	28
6 36	10
6 37	7
6 38	38
6 39	49
6 45	58
6 48	32
6 49	34
6 51	18
6 52	24
6 55	2
6 58	14
7 0	2
7 1	38
7 3	27
7 4	23
7 6	15
7 7	20
7 9	41
7 13	10
7 15	45
7 17	30
7 20	25
7 22	51
7 24	26
7 25	36
7 27	50
7 28	49
7 29	4
7 30	14
7 31	16
7 32	52
7 35	32
7 39	7
7 40	59
7 41	42
7 42	43
7 43	28
7 46	48
7 48	0
7 50	9
7 51	54
7 52	13
7 55	39
7 56	46
7 57	6
7 58	40
7 59	56
8 0	24
8 1	23
8 2	46
8 4	1
8 5	43
8 6	12
8 7	3
8 8	59
8 9	26
8 11	45
8 12	22
8 14	58
8 15	44
8 16	4
8 19	50
8 20	38
8 21	8
8 23	42
8 24	5
8 25	57
8 27	35
8 28	6
8 29	9
8 30	53
8 31	39
8 33	40
8 34	37
8 35	2
8 36	25
8 39	47
8 40	52
8 41	11
8 42	10
8 43	48
8 45	14
8 47	0
8 49	49
8 50	55
8 51	28
8 52	16
8 53	7
8 55	29
8 56	33
8 57	54
8 58	21
8 59	17
9 0	56
9 1	25
9 2	58
9 3	47
9 4	11
9 5	52
9 7	37
9 10	3
9 11	4
9 12	51
9 14	2
9 18	55
9 20	53
9 21	21
9 22	54
9 23	50
9 24	6
9 25	44
9 26	7
9 27	1
9 29	20
9 30	42
9 31	5
9 33	13
9 34	43
9 36	39
9 37	14
9 39	32
9 40	10
9 44	31
9 45	40
9 47	57
9 48	27
9 49	17
9 50	29
9 52	59
9 53	15
9 54	22
9 55	35
9 56	49
9 57	34
9 58	23
9 59	30
10 0	42
10 1	22
10 3	32
10 4	14
10 5	55
10 6	35
10 7	30
10 8	26
10 9	10
10 10	58
10 11	17
10 12	46
10 13	7
10 14	24
10 16	33
10 17	2
10 20	19
10 23	43
10 24	38
10 25	54
10 26	50
10 27	56
10 28	9
10 29	44
10 30	59
10 31	52
10 32	57
10 33	11
10 34	23
10 36	40
10 37	29
10 38	34
10 39	27
10 40	45
10 42	25
10 44	28
10 45	15
10 46	1
10 47	53
10 49	18
10 52	48
10 53	49
10 54	39
10 55	0
10 56	36
10 57	3
10 58	5
11 0	40
11 1	31
11 3	12
11 5	21
11 6	57
11 7	8
11 9	59
11 10	48
11 11	37
11 13	4
11 15	26
11 16	47
11 17	23
11 18	17
11 19	46
11 22	25
11 23	14
11 24	42
11 25	22
11 26	38
11 27	49
11 29	36
11 30	51
11 31	15
11 33	45
11 35	27
11 37	56
11 39	5
11 40	58
11 41	32
11 42	3
11 44	35
11 46	54
11 47	28
11 48	44
11 50	2
11 51	43
11 52	0
11 53	24
11 54	13
11 55	34
11 56	30
11 58	33
11 59	20
12 1	59
12 2	45
12 4	16
12 5	44
12 6	21
12 8	56
12 9	55
12 10	31
12 11	22
12 12	29
12 13	47
12 14	36
12 17	42
12 19	54
12 20	18
12 21	11
12 22	1
12 24	19
12 25	13
12 26	12
12 27	37
12 29	3
12 30	17
12 31	53
12 32	40
12 33	38
12 35	48
12 36	33
12 37	41
12 38	43
12 39	25
12 40	57
12 41	35
12 43	0
12 44	32
12 45	39
12 46	2
12 50	28
12 51	6
12 52	46
12 55	4
12 56	27
12 57	23
13 0	52
13 1	42
13 2	28
13 3	46
13 6	2
13 8	1
13 9	45
13 10	37
13 11	56
13 12	49
13 15	5
13 16	50
13 17	24
13 21	48
13 22	9
13 23	55
13 24	54
13 25	15
13 26	40
13 27	51
13 28	32
13 30	22
13 31	31
13 32	58
13 35	33
13 37	27
13 38	59
13 39	34
13 40	16
13 41	8
13 42	11
13 43	38
13 44	6
13 46	0
13 48	25
13 49	3
13 50	18
13 53	19
13 54	35
13 55	20
13 56	57
13 57	53
13 58	13
13 59	41
14 0	6
14 1	12
14 3	8
14 4	31
14 5	15
14 6	20
14 8	3
14 9	16
14 10	59
14 11	1
14 12	26
14 13	52
14 14	46
14 15	21
14 17	48
14 18	28
14 19	37
14 21	24
14 22	14
14 23	57
14 26	9
14 28	34
14 29	51
14 30	11
14 31	0
14 32	4
14 33	47
14 36	5
14 37	53
14 38	23
14 40	25
14 41	30
14 42	40
14 43	43
14 45	45
14 46	19
14 48	18
14 49	33
14 51	35
14 52	39
14 57	10
14 58	7
15 2	36
15 3	10
15 6	3
15 7	23
15 8	17
15 9	47
15 10	13
15 11	12
15 12	16
15 13	41
15 14	43
15 15	4
15 18	19
15 19	58
15 21	27
15 25	56
15 26	11
15 27	54
15 29	32
15 30	8
15 31	37
15 33	9
15 34	49
15 35	31
15 36	45
15 37	34
15 38	7
15 39	14
15 40	6
15 43	2
15 44	26
15 46	40
15 48	59
15 50	52
15 51	46
15 53	20
15 55	57
15 56	53
15 58	38
15 59	18
16 1	28
16 4	54
16 6	23
16 8	36
16 10	2
16 11	9
16 16	18
16 17	45
16 18	53
16 19	55
16 20	46
16 21	52
16 22	32
16 23	26
16 24	24
16 25	1
16 28	43
16 30	31
16 31	58
16 32	27
16 34	11
16 35	49
16 36	47
16 37	39
16 38	21
16 40	33
16 41	51
16 43	22
16 44	30
16 45	19
16 46	50
16 47	34
16 51	15
16 52	3
16 53	37
16 54	56
16 55	40
16 56	6
16 57	8
16 58	0
17 0	3
17 2	10
17 3	41
17 5	46
17 6	31
17 7	13
17 9	48
17 10	9
17 11	43
17 13	20
17 14	21
17 16	42
17 17	6
17 18	16
17 19	0
17 21	56
17 24	8
17 25	47
17 27	18
17 28	36
17 30	1
17 31	40
17 32	45
17 33	29
17 34	26
17 35	30
17 36	54
17 37	58
17 39	59
17 40	2
17 42	37
17 43	52
17 44	15
17 45	49
17 46	33
17 48	11
17 49	22
17 50	57
17 51	32
17 53	23
17 55	17
17 58	34
18 0	33
18 2	51
18 3	9
18 4	10
18 5	56
18 6	32
18 7	46
18 8	28
18 9	4
18 10	34
18 11	27
18 12	53
18 13	39
18 14	37
18 15	59
18 18	52
18 20	47
18 21	26
18 22	45
18 23	2
18 24	7
18 25	31
18 29	11
18 30	49
18 32	18
18 33	5
18 34	42
18 35	17
18 37	54
18 39	12
18 40	3
18 41	24
18 42	19
18 43	25
18 45	36
18 47	15
18 48	43
18 49	30
18 50	44
18 52	41
18 55	1
18 56	48
18 57	0
18 58	50
18 59	22
19 1	11
19 3	14
19 5	20
19 7	9
19 8	37
19 10	21
19 11	15
19 12	52
19 13	19
19 14	50
19 16	29
19 22	55
19 25	12
19 26	30
19 29	48
19 30	56
19 31	22
19 32	38
19 33	7
19 34	34
19 35	54
19 36	49
19 38	45
19 39	44
19 40	18
19 41	6
19 42	46
19 44	24
19 45	27
19 46	10
19 47	39
19 48	47
19 51	16
19 54	59
19 56	0
19 57	35
19 58	51
19 59	3
20 0	8
20 1	45
20 4	44
20 5	39
20 6	29
20 8	13
20 9	6
20 11	57
20 13	56
20 14	12
20 16	9
20 17	5
20 18	48
20 19	17
20 21	54
20 25	37
20 30	36
20 31	11
20 33	16
20 34	25
20 35	53
20 36	35
20 38	49
20 40	20
20 41	28
20 42	24
20 43	46
20 44	41
20 45	47
20 46	43
20 47	32
20 48	51
20 49	1
20 50	0
20 51	38
20 52	50
20 53	58
20 54	7
20 57	31
20 58	55
20 59	2
21 0	13
21 1	2
21 3	26
21 4	5
21 5	32
21 6	10
21 7	55
21 8	30
21 9	29
21 10	39
21 11	6
21 12	15
21 13	42
21 14	47
21 16	59
21 18	12
21 20	0
21 21	35
21 22	3
21 24	46
21 26	8
21 29	14
21 31	20
21 32	53
21 33	4
21 34	17
21 37	51
21 38	56
21 39	36
21 40	49
21 42	7
21 43	54
21 45	37
21 46	38
21 47	9
21 48	22
21 49	57
21 50	11
21 53	33
21 55	31
21 56	18
21 57	40
21 58	41
21 59	48
22 0	12
22 1	10
22 2	22
22 3	39
22 4	51
22 5	45
22 6	5
22 7	35
22 8	11
22 9	44
22 10	1
22 11	28
22 12	50
22 13	40
22 16	26
22 19	20
22 21	36
22 23	24
22 24	31
22 25	49
22 26	53
22 27	42
22 31	59
22 32	32
22 33	27
22 34	19
22 36	3
22 37	25
22 38	54
22 39	17
22 40	7
22 41	34
22 42	13
22 43	41
22 44	4
22 45	38
22 46	8
22 47	55
22 48	46
22 52	37
22 53	56
22 54	48
22 56	58
22 57	33
22 58	16
23 1	4
23 2	37
23 4	17
23 6	22
23 8	49
23 9	50
23 10	55
23 11	47
23 12	59
23 13	28
23 14	30
23 16	16
23 18	14
23 19	38
23 21	2
23 23	56
23 25	41
23 26	44
23 28	24
23 29	6
23 32	20
23 33	8
23 34	0
23 36	18
23 37	12
23 38	35
23 39	51
23 40	29
23 41	25
23 43	53
23 44	39
23 45	54
23 46	52
23 48	40
23 51	34
23 52	19
23 53	13
23 56	7
23 57	45
23 58	1
24 0	20
24 1	53
24 2	3
24 3	43
24 4	22
24 6	46
24 7	45
24 8	6
24 10	16
24 11	44
24 12	1
24 13	37
24 14	57
24 17	25
24 18	42
24 19	52
24 20	30
24 21	33
24 22	23
24 23	27
24 24	41
24 25	18
24 26	59
24 29	31
24 36	55
24 37	50
24 38	17
24 39	0
24 40	12
24 42	15
24 43	11
24 45	56
24 46	34
24 47	10
24 48	36
24 49	29
24 51	51
24 54	5
24 55	7
24 57	13
24 59	9
25 0	31
25 1	26
25 3	2
25 6	28
25 8	8
25 11	38
25 13	16
25 15	55
25 16	44
25 17	40
25 18	20
25 19	48
25 20	11
25 21	4
25 22	46
25 23	41
25 25	50
25 26	1
25 29	30
25 30	23
25 31	47
25 32	37
25 33	12
25 34	27
25 35	15
25 36	58
25 38	18
25 39	57
25 41	19
25 42	29
25 43	6
25 44	52
25 45	33
25 46	49
25 48	9
25 49	53
25 50	34
25 51	10
25 52	36
25 54	43
25 55	32
25 56	35
25 57	24
25 58	42
25 59	39
26 0	26
26 1	36
26 2	53
26 5	11
26 7	1
26 8	51
26 9	39
26 12	40
26 15	56
26 17	9
26 22	43
26 24	52
26 25	58
26 26	23
26 28	54
26 29	59
26 30	16
26 31	55
26 32	10
26 33	25
26 34	18
26 35	13
26 36	34
26 37	15
26 41	12
26 44	57
26 46	6
26 47	8
26 49	41
26 51	22
26 52	20
26 54	24
26 55	37
26 57	7
26 58	29
26 59	28
27 0	25
27 1	41
27 2	56
27 3	42
27 4	48
27 5	49
27 7	11
27 8	39
27 9	52
27 10	15
27 11	20
27 12	44
27 13	30
27 14	38
27 15	57
27 16	27
27 17	46
27 18	23
27 20	16
27 21	14
27 23	45
27 24	36
27 25	0
27 26	17
27 27	47
27 28	26
27 30	54
27 31	21
27 32	22
27 33	53
27 34	31
27 35	3
27 37	19
27 38	10
27 40	43
27 41	1
27 42	55
27 43	34
27 44	8
27 45	4
27 47	6
27 48	12
27 49	13
27 50	50
27 51	24
27 52	35
27 53	2
27 54	37
27 55	58
27 58	32
27 59	5
28 0	29
28 1	20
28 2	44
28 3	49
28 4	59
28 5	42
28 6	40
28 8	15
28 9	53
28 11	7
28 12	56
28 13	35
28 15	48
28 16	12
28 19	51
28 20	55
28 21	23
28 23	31
28 25	39
28 26	32
28 31	3
28 32	14
28 33	50
28 34	58
28 35	36
28 36	43
28 37	28
28 38	11
28 39	38
28 40	30
28 41	41
28 42	2
28 43	45
28 45	6
28 46	13
28 47	24
28 48	1
28 49	27
28 50	33
28 52	25
28 53	52
28 56	9
28 58	4
28 59	8
29 0	36
29 2	33
29 3	11
29 5	2
29 6	44
29 8	18
29 9	32
29 12	17
29 13	27
29 14	25
29 15	52
29 17	37
29 18	0
29 19	26
29 20	12
29 21	34
29 23	1
29 24	45
29 25	30
29 27	48
29 28	46
29 31	29
29 34	56
29 35	14
29 36	24
29 37	9
29 40	21
29 41	23
29 43	58
29 44	59
29 45	3
29 46	41
29 47	20
29 48	55
29 50	22
29 52	28
29 54	50
29 55	13
29 57	19
29 58	10
29 59	47
30 1	7
30 2	26
30 3	28
30 4	20
30 5	17
30 6	18
30 8	29
30 11	36
30 12	34
30 15	47
30 19	45
30 20	21
30 22	5
30 23	46
30 24	11
30 25	35
30 26	16
30 27	59
30 28	53
30 29	38
30 30	33
30 31	14
30 34	51
30 35	41
30 36	6
30 37	0
30 38	1
30 40	39
30 43	49
30 44	3
30 45	23
30 48	15
30 50	27
30 52	52
30 53	12
30 55	9
30 56	32
30 58	30
30 59	31
31 0	47
31 1	16
31 2	52
31 3	44
31 4	57
31 5	35
31 8	24
31 9	12
31 11	59
31 12	28
31 13	13
31 15	3
31 16	34
31 17	38
31 18	56
31 19	5
31 20	31
31 21	53
31 22	15
31 23	23
31 24	18
31 25	29
31 26	10
31 27	46
31 28	21
31 29	7
31 30	37
31 31	2
31 32	49
31 33	6
31 35	42
31 36	30
31 37	43
31 38	9
31 39	48
31 41	14
31 42	33
31 43	8
31 44	22
31 45	50
31 46	39
31 47	54
31 51	11
31 52	51
31 53	26
31 54	41
31 56	55
31 58	17
31 59	45
32 0	28
32 1	48
32 2	9
32 3	4
32 4	52
32 5	12
32 7	58
32 8	54
32 9	27
32 10	19
32 12	2
32 14	1
32 15	7
32 16	25
32 19	15
32 20	49
32 22	50
32 23	13
32 24	30
32 27	0
32 29	47
32 30	35
32 32	8
32 33	33
32 38	53
32 41	3
32 42	59
32 45	31
32 46	23
32 49	43
32 50	56
32 52	29
32 54	10
32 56	16
32 57	32
32 58	37
32 59	46
33 2	2
33 5	51
33 7	40
33 9	21
33 10	46
33 11	18
33 12	57
33 13	9
33 14	35
33 16	52
33 18	25
33 19	23
33 20	10
33 21	15
33 22	39
33 23	38
33 25	5
33 26	28
33 27	33
33 30	41
33 31	24
33 32	30
33 36	27
33 40	8
33 41	49
33 42	6
33 43	55
33 46	17
33 49	14
33 50	32
33 51	26
33 52	1
33 53	31
33 54	47
34 0	15
34 1	56
34 2	23
34 3	45
34 5	6
34 6	43
34 7	17
34 8	22
34 9	42
34 10	44
34 11	3
34 13	55
34 14	51
34 15	30
34 16	49
34 17	39
34 22	38
34 23	32
34 24	2
34 26	27
34 27	28
34 28	16
34 31	25
34 32	9
34 33	57
34 34	21
34 36	11
34 37	37
34 38	46
34 39	8
34 40	19
34 41	53
34 42	54
34 43	47
34 44	33
34 45	34
34 46	12
34 47	48
34 49	31
34 50	35
34 52	7
34 54	20
34 55	14
34 56	10
34 57	52
34 58	58
34 59	36
35 0	10
35 2	27
35 3	33
35 4	25
35 5	9
35 6	51
35 7	43
35 8	32
35 9	23
35 10	50
35 11	31
35 12	39
35 14	17
35 16	14
35 17	53
35 18	38
35 19	7
35 21	12
35 23	16
35 24	40
35 26	3
35 27	44
35 29	56
35 30	52
35 31	8
35 32	29
35 36	21
35 37	4
35 38	24
35 40	35
35 41	45
35 42	41
35 43	37
35 45	5
35 47	11
35 48	48
35 49	15
35 50	20
35 51	47
35 56	1
35 57	30
35 59	13
36 0	37
36 1	3
36 4	50
36 5	33
36 8	4
36 12	24
36 13	15
36 14	40
36 15	22
36 16	48
36 17	54
36 18	41
36 20	39
36 21	10
36 22	53
36 23	20
36 24	29
36 25	11
36 26	47
36 28	59
36 29	1
36 30	6
36 32	7
36 34	5
36 35	34
36 36	32
36 37	13
36 38	16
36 39	2
36 40	0
36 42	52
36 43	30
36 44	51
36 45	28
36 46	18
36 47	38
36 49	58
36 50	42
36 52	26
36 54	8
36 56	43
36 59	44
37 0	7
37 2	32
37 3	53
37 4	9
37 5	26
37 7	34
37 9	36
37 10	27
37 11	41
37 13	11
37 15	17
37 16	30
37 17	29
37 18	46
37 19	21
37 20	24
37 22	58
37 24	55
37 26	54
37 28	33
37 29	8
37 32	5
37 33	2
37 35	38
37 37	3
37 38	20
37 39	15
37 41	18
37 43	16
37 44	42
37 45	0
37 46	47
37 48	57
37 50	37
37 51	56
37 52	31
37 54	49
37 55	45
37 57	59
37 58	25
38 0	16
38 5	18
38 6	47
38 7	38
38 9	43
38 10	23
38 11	2
38 13	49
38 14	39
38 15	54
38 16	36
38 17	50
38 18	59
38 21	13
38 25	45
38 28	30
38 31	26
38 32	48
38 33	1
38 36	52
38 38	41
38 40	9
38 41	29
38 42	56
38 43	21
38 44	27
38 45	51
38 46	28
38 47	7
38 48	19
38 50	25
38 51	53
38 55	33
38 56	37
38 58	15
39 0	9
39 2	55
39 3	25
39 4	30
39 5	8
39 7	47
39 8	57
39 10	10
39 13	6
39 15	19
39 16	24
39 18	54
39 19	35
39 20	29
39 21	22
39 22	13
39 23	53
39 24	20
39 26	42
39 28	38
39 29	43
39 30	39
39 31	41
39 32	2
39 33	21
39 34	28
39 35	45
39 36	31
39 37	33
39 38	3
39 39	23
39 40	36
39 42	5
39 44	44
39 46	46
39 47	18
39 48	37
39 49	48
39 51	49
39 52	32
39 54	0
39 57	26
39 59	1
40 1	17
40 6	30
40 7	28
40 8	42
40 9	46
40 10	5
40 11	58
40 13	0
40 14	8
40 16	20
40 17	3
40 18	6
40 19	16
40 20	50
40 21	44
40 22	37
40 23	25
40 26	35
40 27	7
40 28	11
40 30	27
40 31	32
40 32	34
40 34	10
40 36	2
40 38	57
40 39	9
40 40	55
40 41	48
40 42	53
40 43	31
40 44	1
40 46	36
40 48	38
40 49	40
40 50	24
40 52	45
40 53	18
40 54	4
40 55	47
40 56	26
40 57	29
40 58	54
40 59	19
41 0	46
41 1	33
41 3	36
41 4	26
41 6	39
41 7	15
41 8	41
41 9	37
41 10	0
41 11	49
41 12	27
41 13	3
41 15	8
41 16	31
41 18	51
41 20	45
41 22	48
41 26	25
41 28	29
41 29	23
41 30	44
41 31	43
41 33	22
41 34	24
41 36	53
41 38	14
41 39	20
41 40	47
41 41	7
41 42	18
41 43	9
41 44	56
41 45	32
41 47	40
41 48	50
41 49	11
41 50	54
41 52	57
41 53	21
41 54	58
41 55	52
41 57	16
41 58	35
41 59	55
42 1	43
42 2	0
42 4	6
42 5	36
42 7	18
42 8	10
42 9	51
42 10	41
42 11	50
42 12	48
42 13	38
42 14	7
42 15	1
42 16	45
42 17	56
42 19	33
42 20	13
42 21	55
42 22	35
42 23	11
42 28	31
42 29	22
42 32	23
42 33	34
42 34	16
42 36	42
42 38	12
42 40	44
42 41	46
42 42	4
42 43	59
42 44	2
42 45	8
42 47	5
42 49	37
42 51	39
42 52	58
42 53	27
42 54	17
42 55	30
42 56	52
42 57	25
42 58	57
42 59	49
43 1	55
43 2	31
43 3	35
43 4	34
43 5	22
43 7	53
43 9	3
43 10	12
43 12	47
43 13	21
43 14	49
43 15	0
43 16	51
43 17	59
43 18	45
43 19	27
43 20	7
43 21	25
43 22	26
43 23	4
43 25	19
43 26	15
43 28	40
43 30	58
43 31	18
43 33	36
43 34	30
43 37	42
43 38	6
43 39	37
43 40	54
43 42	1
43 43	56
43 44	29
43 45	24
43 46	16
43 47	23
43 49	20
43 50	48
43 51	50
43 52	33
43 55	38
43 56	39
43 57	14
43 58	8
43 59	57
44 0	27
44 1	8
44 3	57
44 4	36
44 5	59
44 7	39
44 8	46
44 10	28
44 13	26
44 14	11
44 15	50
44 17	16
44 19	42
44 21	18
44 23	47
44 24	17
44 25	38
44 26	56
44 29	24
44 31	44
44 32	25
44 33	20
44 34	33
44 35	55
44 36	13
44 38	48
44 39	6
44 40	23
44 41	0
44 42	30
44 43	32
44 45	9
44 49	4
44 52	2
44 53	40
44 54	53
44 55	41
44 56	12
44 58	19
44 59	34
45 0	54
45 1	9
45 2	6
45 3	56
45 4	37
45 5	5
45 6	59
45 7	31
45 9	19
45 10	51
45 14	29
45 15	13
45 16	41
45 18	3
45 19	1
45 20	20
45 21	16
45 22	33
45 23	35
45 25	21
45 27	27
45 28	44
45 29	42
45 30	32
45 31	4
45 32	11
45 33	30
45 34	48
45 35	7
45 37	10
45 39	52
45 40	34
45 46	53
45 48	24
45 49	12
45 50	14
45 51	55
45 52	8
45 53	36
45 55	25
45 56	23
45 58	28
45 59	58
46 3	55
46 6	13
46 8	7
46 9	49
46 10	45
46 11	52
46 12	43
46 13	24
46 14	6
46 17	47
46 18	1
46 19	34
46 20	35
46 21	0
46 24	53
46 25	25
46 28	12
46 29	2
46 30	50
46 31	57
46 33	26
46 34	40
46 35	39
46 37	16
46 38	58
46 39	18
46 40	41
46 41	44
46 46	51
46 47	33
46 50	30
46 51	3
46 52	15
46 54	23
46 57	42
46 59	32
47 0	58
47 1	34
47 2	24
47 6	17
47 7	33
47 9	18
47 13	8
47 15	35
47 18	32
47 19	36
47 20	54
47 21	59
47 22	40
47 24	49
47 25	55
47 26	45
47 27	31
47 28	51
47 29	5
47 30	48
47 32	3
47 36	14
47 37	20
47 38	4
47 40	22
47 41	13
47 42	12
47 43	15
47 44	47
47 45	1
47 46	44
47 47	30
47 48	41
47 49	0
47 50	6
47 51	52
47 52	56
47 53	9
47 55	42
47 56	29
47 57	57
47 58	2
47 59	25
48 0	39
48 2	15
48 5	23
48 6	16
48 7	25
48 8	44
48 9	28
48 10	52
48 11	34
48 15	43
48 16	54
48 17	10
48 19	49
48 21	40
48 22	0
48 24	13
48 25	6
48 26	41
48 27	32
48 28	3
48 30	38
48 31	9
48 32	51
48 36	56
48 37	57
48 39	53
48 40	24
48 41	33
48 42	22
48 44	48
48 45	59
48 46	7
48 49	8
48 50	26
48 51	30
48 52	27
48 53	29
48 55	46
48 56	11
48 58	47
48 59	4
49 0	4
49 1	52
49 2	11
49 3	31
49 4	8
49 5	16
49 6	50
49 7	14
49 8	43
49 9	5
49 11	55
49 12	33
49 13	45
49 16	32
49 19	22
49 20	57
49 21	49
49 23	9
49 25	2
49 26	24
49 27	53
49 28	41
49 29	58
49 30	34
49 32	0
49 33	48
49 34	38
49 35	10
49 36	44
49 37	1
49 38	30
49 40	42
49 41	56
49 42	47
49 43	7
49 44	13
49 47	19
49 49	23
49 53	39
49 54	46
49 55	15
49 56	40
49 58	20
49 59	35
50 0	59
50 1	24
50 3	5
50 4	15
50 6	9
50 11	29
50 12	21
50 13	32
50 14	55
50 15	25
50 16	43
50 17	52
50 19	44
50 21	20
50 22	17
50 23	48
50 24	16
50 25	27
50 26	31
50 30	19
50 31	51
50 32	39
50 33	49
50 34	46
50 35	47
50 36	4
50 37	11
50 38	0
50 39	33
50 40	37
50 41	22
50 42	35
50 43	57
50 44	50
50 45	12
50 46	26
50 47	41
50 49	36
50 50	7
50 52	10
50 54	40
50 55	6
50 56	13
50 58	3
51 2	34
51 5	3
51 6	6
51 7	50
51 8	31
51 10	26
51 12	25
51 14	23
51 15	16
51 16	37
51 17	58
51 18	18
51 20	48
51 21	38
51 22	49
51 24	39
51 26	0
51 27	55
51 29	15
51 30	43
51 32	44
51 33	41
51 34	8
51 35	9
51 37	46
51 38	47
51 39	35
51 40	32
51 41	57
51 42	51
51 43	13
51 45	10
51 46	30
51 47	1
51 48	33
51 49	54
51 51	7
51 52	22
51 53	45
51 54	14
51 55	53
51 56	2
51 57	20
51 59	24
52 0	50
52 1	30
52 3	7
52 4	56
52 5	13
52 6	27
52 7	19
52 9	31
52 10	49
52 11	42
52 13	29
52 14	22
52 15	32
52 16	38
52 17	21
52 18	4
52 19	47
52 20	15
52 21	9
52 22	2
52 26	33
52 27	41
52 31	36
52 32	43
52 33	39
52 34	3
52 36	20
52 37	6
52 38	25
52 39	40
52 40	51
52 43	18
52 44	53
52 45	44
52 46	14
52 47	35
52 48	23
52 49	52
52 50	10
52 52	54
52 54	11
52 55	16
52 56	17
52 58	46
52 59	37
53 1	15
53 2	7
53 3	51
53 5	50
53 6	56
53 8	55
53 10	32
53 12	38
53 13	2
53 14	5
53 15	27
53 17	22
53 18	31
53 19	25
53 20	8
53 22	24
53 23	54
53 24	14
53 25	9
53 28	57
53 29	10
53 30	20
53 32	16
53 33	52
53 35	29
53 36	19
53 38	44
53 39	11
53 40	53
53 41	36
53 43	12
53 44	0
53 45	26
53 47	49
53 49	45
53 50	3
53 51	41
53 52	47
53 53	17
53 56	21
53 57	37
53 58	43
54 1	39
54 2	12
54 3	59
54 5	14
54 7	41
54 8	35
54 9	9
54 12	42
54 13	25
54 15	34
54 17	4
54 18	33
54 19	11
54 20	40
54 21	7
54 23	36
54 24	27
54 25	52
54 26	37
54 27	30
54 28	0
54 29	28
54 31	56
54 32	46
54 34	20
54 36	51
54 38	8
54 40	15
54 41	2
54 42	38
54 43	3
54 44	45
54 45	48
54 48	53
54 50	1
54 51	5
54 53	22
54 54	54
54 55	10
54 56	19
54 58	31
55 0	1
55 1	54
55 2	30
55 3	48
55 5	31
55 6	42
55 7	49
55 8	40
55 10	14
55 12	6
55 13	12
55 14	3
55 16	23
55 17	7
55 18	34
55 19	57
55 21	51
55 22	44
55 24	0
55 25	33
55 27	24
55 30	5
55 31	17
55 32	15
55 33	18
55 34	36
55 39	10
55 41	27
55 43	29
55 44	21
55 45	2
55 46	37
55 47	16
55 48	52
55 49	9
55 50	53
55 51	13
55 53	47
55 54	32
55 55	28
55 58	39
55 59	11
56 3	6
56 5	37
56 6	14
56 9	34
56 10	24
56 11	39
56 13	1
56 15	10
56 16	19
56 17	13
56 18	47
56 19	30
56 20	26
56 21	43
56 24	28
56 26	18
56 28	25
56 30	2
56 31	33
56 32	59
56 33	15
56 35	23
56 37	55
56 38	42
56 40	17
56 41	9
56 42	16
56 43	35
56 44	46
56 45	57
56 46	3
56 47	29
56 50	36
56 51	44
56 52	21
56 53	53
56 54	31
56 55	11
56 56	4
56 57	41
56 58	22
56 59	7
57 1	40
57 2	42
57 3	1
57 5	28
57 6	38
57 7	2
57 8	25
57 9	30
57 10	53
57 11	10
57 12	55
57 16	13
57 17	15
57 18	11
57 20	3
57 21	32
57 22	34
57 23	0
57 24	50
57 25	4
57 27	26
57 30	12
57 31	19
57 34	41
57 36	29
57 37	23
57 38	39
57 39	45
57 41	21
57 42	9
57 43	20
57 45	43
57 46	35
57 47	47
57 49	59
57 53	48
57 54	6
57 55	22
57 56	31
57 57	17
57 58	44
57 59	52
58 0	23
58 1	19
58 2	13
58 3	24
58 4	39
58 5	48
58 6	0
58 7	22
58 8	33
58 10	42
58 11	54
58 12	18
58 14	20
58 17	55
58 18	7
58 20	52
58 22	41
58 23	3
58 25	40
58 27	38
58 28	10
58 29	34
58 30	25
58 32	47
58 33	14
58 34	59
58 35	16
58 36	36
58 37	35
58 38	2
58 39	56
58 40	50
58 41	43
58 44	17
58 45	21
58 46	9
58 47	45
58 48	26
58 49	51
58 50	12
58 52	53
58 53	46
58 56	8
58 57	44
59 1	18
59 2	57
59 4	33
59 7	36
59 8	14
59 9	15
59 10	30
59 11	8
59 12	9
59 14	52
59 18	35
59 19	28
59 20	4
59 21	6
59 22	42
59 23	40
59 25	10
59 26	19
59 28	55
59 29	41
59 30	45
59 31	49
59 32	17
59 33	51
59 34	12
59 35	37
59 36	50
59 37	2
59 38	26
59 39	1
59 40	56
59 42	32
59 43	27
59 44	7
59 46	59
59 47	43
59 48	21
59 49	39
59 50	38
59 51	31
59 56	22
59 57	47
59 58	53
59 59	54
