60
0 0	54
0 1	34
0 2	11
0 3	35
0 4	5
0 8	48
0 9	56
0 10	2
0 11	20
0 12	37
0 13	25
0 15	18
0 16	31
0 17	16
0 18	12
0 20	32
0 21	59
0 22	33
0 23	39
0 24	7
0 25	52
0 26	30
0 27	47
0 28	42
0 29	58
0 30	0
0 31	10
0 32	15
0 33	29
0 34	13
0 35	19
0 36	28
0 37	21
0 39	43
0 41	8
0 42	26
0 43	23
0 44	6
0 45	44
0 46	51
0 47	50
0 48	22
0 49	55
0 50	57
0 51	53
0 52	46
0 53	4
0 54	27
0 55	40
0 56	36
0 59	24
1 0	30
1 1	44
1 2	50
1 6	17
1 7	35
1 8	5
1 9	8
1 10	53
1 11	24
1 12	7
1 13	40
1 14	15
1 15	38
1 17	54
1 18	28
1 19	42
1 20	34
1 21	37
1 22	52
1 23	4
1 24	36
1 25	1
1 27	12
1 28	45
1 29	6
1 30	3
1 32	55
1 34	9
1 35	39
1 36	0
1 38	21
1 39	47
1 40	13
1 41	26
1 42	27
1 43	31
1 44	25
1 45	29
1 46	48
1 47	20
1 48	51
1 49	10
1 50	32
1 53	41
1 54	43
1 55	19
1 56	33
1 57	14
1 58	57
1 59	2
2 0	20
2 1	52
2 3	59
2 5	42
2 6	54
2 7	39
2 8	27
2 10	13
2 11	6
2 12	31
2 15	24
2 16	47
2 18	51
2 19	45
2 20	25
2 21	56
2 22	53
2 23	19
2 24	21
2 29	28
2 30	16
2 31	38
2 32	23
2 34	26
2 35	29
2 36	50
2 37	58
2 38	35
2 39	36
2 40	48
2 41	17
2 42	30
2 43	9
2 44	5
2 45	14
2 46	49
2 47	33
2 48	7
2 49	0
2 50	11
2 51	15
2 53	44
2 54	1
2 55	34
2 56	32
2 57	8
2 58	10
3 0	28
3 1	23
3 2	5
3 3	52
3 5	29
3 6	22
3 7	15
3 8	16
3 9	6
3 10	18
3 11	37
3 13	34
3 14	50
3 15	35
3 16	48
3 17	33
3 18	56
3 20	57
3 21	55
3 22	11
3 23	59
3 25	31
3 26	39
3 27	19
3 28	3
3 29	7
3 30	53
3 31	13
3 32	24
3 33	27
3 34	0
3 35	41
3 36	36
3 38	12
3 39	42
3 41	45
3 42	14
3 43	46
3 44	1
3 45	20
3 47	51
3 48	26
3 49	43
3 50	38
3 51	10
3 52	44
3 54	21
3 56	47
3 57	49
3 59	32
4 2	27
4 3	19
4 4	32
4 6	7
4 8	20
4 9	11
4 10	4
4 13	36
4 14	29
4 16	17
4 17	50
4 18	9
4 19	58
4 20	21
4 21	52
4 22	35
4 23	33
4 24	16
4 25	12
4 26	3
4 27	55
4 29	53
4 30	47
4 31	56
4 32	38
4 33	22
4 35	1
4 36	51
4 37	46
4 38	18
4 39	25
4 40	54
4 41	6
4 43	39
4 44	34
4 46	44
4 47	42
4 48	2
4 49	5
4 50	30
4 53	45
4 54	13
4 55	10
4 56	28
4 57	57
4 58	24
4 59	23
5 0	22
5 2	42
5 3	4
5 4	14
5 5	3
5 7	27
5 8	57
5 9	25
5 10	56
5 11	52
5 14	37
5 15	11
5 17	13
5 20	7
5 21	58
5 22	49
5 23	53
5 24	15
5 25	38
5 26	51
5 27	24
5 28	33
5 29	19
5 30	32
5 31	23
5 32	21
5 33	47
5 36	12
5 38	39
5 39	1
5 40	5
5 41	48
5 42	45
5 43	40
5 44	41
5 45	31
5 47	44
5 48	59
5 49	6
5 51	28
5 53	17
5 54	0
5 55	18
5 57	54
5 58	34
5 59	26
6 0	44
6 1	31
6 2	18
6 3	2
6 4	42
6 5	19
6 7	9
6 8	41
6 9	10
6 11	16
6 13	47
6 14	11
6 15	33
6 16	27
6 17	7
6 18	45
6 19	36
6 20	40
6 21	6
6 22	28
6 23	48
6 25	0
6 26	23
6 27	43
6 28	37
6 29	35
6 30	59
6 32	52
6 33	49
6 34	12
6 35	5
6 36	13
6 37	20
6 38	56
6 40	17
6 41	21
6 42	25
6 43	22
6 44	50
6 45	55
6 46	4
6 47	1
6 48	29
6 49	58
6 50	34
6 51	14
6 53	3
6 54	32
6 55	8
6 57	30
6 58	51
6 59	54
7 0	43
7 1	27
7 2	31
7 3	13
7 4	4
7 5	55
7 6	1
7 7	32
7 8	17
7 9	37
7 10	19
7 12	54
7 13	16
7 14	0
7 15	30
7 16	24
7 17	23
7 19	44
7 20	45
7 21	42
7 22	29
7 23	7
7 24	5
7 25	2
7 26	26
7 27	25
7 28	34
7 29	11
7 30	39
7 31	59
7 32	18
7 33	12
7 34	52
7 35	21
7 36	49
7 37	53
7 38	48
7 40	56
7 41	57
7 42	33
7 43	20
7 44	22
7 45	28
7 46	10
7 47	40
7 48	14
7 49	47
7 50	36
7 51	41
7 54	46
7 55	35
7 56	51
7 57	9
7 58	38
7 59	58
8 0	39
8 1	47
8 2	32
8 3	23
8 4	31
8 11	25
8 12	1
8 15	44
8 16	19
8 17	59
8 19	18
8 20	55
8 21	21
8 23	27
8 24	29
8 25	41
8 26	36
8 27	53
8 28	56
8 29	46
8 31	26
8 32	35
8 33	42
8 34	11
8 36	6
8 37	48
8 38	49
8 40	8
8 41	22
8 42	28
8 43	37
8 44	2
8 45	33
8 47	12
8 48	58
8 49	17
8 51	38
8 52	43
8 53	34
8 55	54
8 56	30
9 0	13
9 1	35
9 2	59
9 3	33
9 4	58
9 5	45
9 6	37
9 9	43
9 10	42
9 11	56
9 12	51
9 13	23
9 14	32
9 15	57
9 16	9
9 17	3
9 18	47
9 20	41
9 21	11
9 25	55
9 26	15
9 27	4
9 28	14
9 29	31
9 30	20
9 31	44
9 32	8
9 34	2
9 35	25
9 36	17
9 37	6
9 38	1
9 39	27
9 40	34
9 41	10
9 42	0
9 43	16
9 44	39
9 45	22
9 46	21
9 47	53
9 48	54
9 49	12
9 51	24
9 53	19
9 54	7
9 56	40
9 57	52
9 58	48
10 1	25
10 2	20
10 3	29
10 4	12
10 5	39
10 6	48
10 7	37
10 8	53
10 9	35
10 10	10
10 12	28
10 13	27
10 14	56
10 15	31
10 16	40
10 17	26
10 18	36
10 19	0
10 20	49
10 21	13
10 22	30
10 23	3
10 24	22
10 25	54
10 26	18
10 27	21
10 28	1
10 31	14
10 32	58
10 33	17
10 34	45
10 35	52
10 36	38
10 38	59
10 39	2
10 40	55
10 41	4
10 43	6
10 44	43
10 45	41
10 46	50
10 47	7
10 48	8
10 49	34
10 50	46
10 51	11
10 53	42
10 54	5
10 56	19
10 57	47
10 58	32
10 59	33
11 0	40
11 4	22
11 5	24
11 6	38
11 9	12
11 10	47
11 11	31
11 12	33
11 13	48
11 14	23
11 15	36
11 16	21
11 17	11
11 19	56
11 20	39
11 22	10
11 23	32
11 24	25
11 25	27
11 26	55
11 27	59
11 28	19
11 29	4
11 30	8
11 31	6
11 32	29
11 33	44
11 34	1
11 37	34
11 38	3
11 39	58
11 41	9
11 42	35
11 44	15
11 45	13
11 46	30
11 47	49
11 48	42
11 49	2
11 52	26
11 53	43
11 55	53
11 56	0
11 57	20
11 58	52
12 1	16
12 3	12
12 4	38
12 6	5
12 7	8
12 8	35
12 9	21
12 10	26
12 11	39
12 12	50
12 13	3
12 14	18
12 15	20
12 16	7
12 17	1
12 18	25
12 19	6
12 21	30
12 22	17
12 23	45
12 24	14
12 25	40
12 26	53
12 27	33
12 28	0
12 29	55
12 31	28
12 33	52
12 34	22
12 35	44
12 37	41
12 38	4
12 39	48
12 40	29
12 41	36
12 42	49
12 43	47
12 45	57
12 46	59
12 47	37
12 48	24
12 49	32
12 50	27
12 51	34
12 52	54
12 53	13
12 54	23
12 55	58
12 56	15
12 58	2
12 59	46
13 0	58
13 1	2
13 2	9
13 3	24
13 5	4
13 6	49
13 8	36
13 9	57
13 11	26
13 13	31
13 14	33
13 15	51
13 16	6
13 17	56
13 18	41
13 20	19
13 21	5
13 22	25
13 23	30
13 24	28
13 25	10
13 26	12
13 27	29
13 28	50
13 29	43
13 30	48
13 31	27
13 32	44
13 35	16
13 36	39
13 37	18
13 38	47
13 39	21
13 41	20
13 42	3
13 43	35
13 44	37
13 45	54
13 46	23
13 47	8
13 48	32
13 49	13
13 50	53
13 51	46
13 52	34
13 53	38
13 54	52
13 55	7
13 56	11
13 57	55
13 59	59
14 0	3
14 2	54
14 3	6
14 4	28
14 6	34
14 7	18
14 8	8
14 9	1
14 10	0
14 11	41
14 12	20
14 14	49
14 15	25
14 16	12
14 17	38
14 18	48
14 19	59
14 22	2
14 23	11
14 24	51
14 25	19
14 26	7
14 27	23
14 28	58
14 30	31
14 31	52
14 32	26
14 33	53
14 34	17
14 36	14
14 37	39
14 38	24
14 39	15
14 41	50
14 42	36
14 44	44
14 45	42
14 46	46
14 47	55
14 48	47
14 49	57
14 50	22
14 52	56
14 53	16
14 54	29
14 55	43
14 57	27
14 58	40
15 0	18
15 1	37
15 2	43
15 3	42
15 5	50
15 7	30
15 8	9
15 9	13
15 10	17
15 11	32
15 12	3
15 13	7
15 14	45
15 15	26
15 17	53
15 18	5
15 19	39
15 20	20
15 21	54
15 23	28
15 24	1
15 26	2
15 27	57
15 28	25
15 30	56
15 31	15
15 32	48
15 33	11
15 35	38
15 36	19
15 37	51
15 39	14
15 40	0
15 41	47
15 42	34
15 44	33
15 45	27
15 46	8
15 48	10
15 50	23
15 53	55
15 54	59
15 55	16
15 56	44
15 57	41
15 58	29
15 59	6
16 0	47
16 1	57
16 2	29
16 3	3
16 4	45
16 5	9
16 6	36
16 7	46
16 8	0
16 10	43
16 11	53
16 13	50
16 15	40
16 16	52
16 17	19
16 19	54
16 20	14
16 21	23
16 22	7
16 23	37
16 25	20
16 26	31
16 27	10
16 28	24
16 29	39
16 31	5
16 32	51
16 33	34
16 34	42
16 39	49
16 41	30
16 42	55
16 43	2
16 44	16
16 45	11
16 46	33
16 49	1
16 50	59
16 51	26
16 52	15
16 55	12
16 56	48
16 58	17
16 59	44
17 0	38
17 1	46
17 2	44
17 3	51
17 4	7
17 6	6
17 8	19
17 9	58
17 10	54
17 11	3
17 12	2
17 13	13
17 14	35
17 15	5
17 16	55
17 17	36
17 18	29
17 19	49
17 20	43
17 21	34
17 22	48
17 23	42
17 24	12
17 25	14
17 26	33
17 27	52
17 28	9
17 29	45
17 30	25
17 31	17
17 32	37
17 34	56
17 35	24
17 36	40
17 37	22
17 41	0
17 42	16
17 43	28
17 44	4
17 45	39
17 47	23
17 48	57
17 50	21
17 51	47
17 53	10
17 54	8
17 56	20
17 57	59
17 59	11
18 1	11
18 5	30
18 6	56
18 7	7
18 8	31
18 9	33
18 11	5
18 12	41
18 13	32
18 14	43
18 15	2
18 16	3
18 17	17
18 18	1
18 20	26
18 21	38
18 22	47
18 24	13
18 25	58
18 26	20
18 27	34
18 28	10
18 29	16
18 30	14
18 31	21
18 32	0
18 33	28
18 34	35
18 35	27
18 36	25
18 37	19
18 38	53
18 40	22
18 41	29
18 42	40
18 43	59
18 44	18
18 46	6
18 47	52
18 48	50
18 49	23
18 50	54
18 51	44
18 53	9
18 54	57
18 55	24
18 56	12
18 57	15
18 58	36
18 59	39
19 0	17
19 2	52
19 3	39
19 4	51
19 5	46
19 6	44
19 7	11
19 8	47
19 10	55
19 11	49
19 12	38
19 14	10
19 15	59
19 16	53
19 17	5
19 18	26
19 20	30
19 21	57
19 22	41
19 24	19
19 26	35
19 27	15
19 30	34
19 31	3
19 32	7
19 33	48
19 34	6
19 36	22
19 37	33
19 38	32
19 39	9
19 40	2
19 42	21
19 43	14
19 44	28
19 45	12
19 46	31
19 48	1
19 49	8
19 50	13
19 51	45
19 52	23
19 53	18
19 54	37
19 55	50
19 56	16
19 58	54
20 0	10
20 1	26
20 3	53
20 4	0
20 5	27
20 6	39
20 7	28
20 8	2
20 11	59
20 13	41
20 14	19
20 15	34
20 16	38
20 17	29
20 18	57
20 19	5
20 20	12
20 21	8
20 22	32
20 23	15
20 26	52
20 27	13
20 28	17
20 31	4
20 32	36
20 33	6
20 34	51
20 36	3
20 37	43
20 38	44
20 39	22
20 40	16
20 41	42
20 42	50
20 43	25
20 44	7
20 45	21
20 46	35
20 48	55
20 50	14
20 51	49
20 52	11
20 53	20
20 56	54
20 57	31
20 58	56
20 59	48
21 0	23
21 1	33
21 3	16
21 4	20
21 5	15
21 8	30
21 9	55
21 10	32
21 11	43
21 12	25
21 13	44
21 14	42
21 16	14
21 17	48
21 18	6
21 19	28
21 21	40
21 22	59
21 23	13
21 24	38
21 26	17
21 27	45
21 28	35
21 29	2
21 30	18
21 31	57
21 33	9
21 34	3
21 35	51
21 37	10
21 38	29
21 39	8
21 40	50
21 41	54
21 43	24
21 44	53
21 45	49
21 46	1
21 47	5
21 49	37
21 50	19
21 51	21
21 53	36
21 54	56
21 55	22
21 56	41
21 58	11
21 59	0
22 0	53
22 1	6
22 2	28
22 3	41
22 4	26
22 6	25
22 7	33
22 8	46
22 10	31
22 11	9
22 12	42
22 13	1
22 14	5
22 15	55
22 17	52
22 18	58
22 19	3
22 20	44
22 22	8
22 23	40
22 24	54
22 25	11
22 26	49
22 27	27
22 28	4
22 29	29
22 30	30
22 31	34
22 32	59
22 33	43
22 34	7
22 35	23
22 39	13
22 40	12
22 41	2
22 42	38
22 43	0
22 44	36
22 45	18
22 46	14
22 47	47
22 48	35
22 49	56
22 51	22
22 52	48
22 54	24
22 55	32
22 56	21
22 57	19
22 58	50
22 59	20
23 0	24
23 1	4
23 3	28
23 4	34
23 6	59
23 7	43
23 8	54
23 9	23
23 10	21
23 11	11
23 12	0
23 15	48
23 16	49
23 18	31
23 19	29
23 20	51
23 21	17
23 23	25
23 24	35
23 26	58
23 27	50
23 28	40
23 30	27
23 31	19
23 32	9
23 33	32
23 34	55
23 35	18
23 37	56
23 38	8
23 40	15
23 42	5
23 43	26
23 44	42
23 45	30
23 46	12
23 47	45
23 48	13
23 49	44
23 50	2
23 51	6
23 53	57
23 55	38
23 57	33
24 0	41
24 1	58
24 2	10
24 3	48
24 4	18
24 5	13
24 6	12
24 8	4
24 9	9
24 10	23
24 11	44
24 12	39
24 14	2
24 16	43
24 17	34
24 18	16
24 19	47
24 20	27
24 21	1
24 23	54
24 24	33
24 25	51
24 28	57
24 32	30
24 33	5
24 34	46
24 35	36
24 36	32
24 37	49
24 38	17
24 40	11
24 41	7
24 42	37
24 43	21
24 45	24
24 46	29
24 47	31
24 49	53
24 50	56
24 51	50
24 52	55
24 53	28
24 54	35
24 57	40
24 58	26
24 59	52
25 0	56
25 1	1
25 2	40
25 3	43
25 4	15
25 5	8
25 7	3
25 9	4
25 10	24
25 11	29
25 14	30
25 15	47
25 17	14
25 18	13
25 19	55
25 21	19
25 22	42
25 23	0
25 24	2
25 25	50
25 26	41
25 28	23
25 29	48
25 30	10
25 31	25
25 32	11
25 33	31
25 34	39
25 36	35
25 38	6
25 39	16
25 40	9
25 43	44
25 44	59
25 45	38
25 46	5
25 47	34
25 48	45
25 49	36
25 51	54
25 52	58
25 56	22
25 57	53
25 58	37
25 59	51
26 0	29
26 3	36
26 4	44
26 6	45
26 8	33
26 9	59
26 10	1
26 11	7
26 13	49
26 14	41
26 17	30
26 19	51
26 20	17
26 22	56
26 23	50
26 26	25
26 27	3
26 28	26
26 30	22
26 31	53
26 32	57
26 33	24
26 34	27
26 36	4
26 37	8
26 38	42
26 40	37
26 41	28
26 43	43
26 44	13
26 45	16
26 46	52
26 47	32
26 48	38
26 49	14
26 50	48
26 51	20
26 52	35
26 54	34
26 55	31
26 56	6
26 57	11
26 58	46
26 59	10
27 0	35
27 1	17
27 2	22
27 3	58
27 5	25
27 6	2
27 7	53
27 8	15
27 9	48
27 10	57
27 11	40
27 13	8
27 14	6
27 15	19
27 16	26
27 17	45
27 19	32
27 20	3
27 23	10
27 24	11
27 25	29
27 26	21
27 27	54
27 30	52
27 32	34
27 34	41
27 36	27
27 37	42
27 38	20
27 40	47
27 41	39
27 42	13
27 44	30
27 45	4
27 47	28
27 48	9
27 49	50
27 50	37
27 51	55
27 52	1
27 53	24
27 54	49
27 55	59
27 57	51
27 58	7
27 59	14
28 1	59
28 2	3
28 3	22
28 4	8
28 5	21
28 6	13
28 7	23
28 9	34
28 10	50
28 11	58
28 12	29
28 13	6
28 14	36
28 15	56
28 17	39
28 18	53
28 19	38
28 20	4
28 22	19
28 23	26
28 25	46
28 26	24
28 27	14
28 29	51
28 31	47
28 32	31
28 33	2
28 35	10
28 36	55
28 37	12
28 38	0
28 39	57
28 40	52
28 41	1
28 42	41
28 43	45
28 44	40
28 45	43
28 46	18
28 47	48
28 48	30
28 49	20
28 50	35
28 51	16
28 52	7
28 55	17
28 56	5
28 57	32
28 58	42
28 59	27
29 0	51
29 1	48
29 2	13
29 3	50
29 4	23
29 6	33
29 7	55
29 8	39
29 9	26
29 10	36
29 11	30
29 12	8
29 14	28
29 15	29
29 16	22
29 17	43
29 18	11
29 20	47
29 21	18
29 22	9
29 23	46
29 25	15
29 26	37
29 28	54
29 29	34
29 30	38
29 31	45
29 32	42
29 33	40
29 35	12
29 36	1
29 37	3
29 38	10
29 40	14
29 41	31
29 44	32
29 45	52
29 46	41
29 47	35
29 48	21
29 49	25
29 50	7
29 51	27
29 52	59
29 54	2
29 55	44
29 56	56
29 57	0
29 59	17
30 0	32
30 1	53
30 2	0
30 3	34
30 4	41
30 5	54
30 6	51
30 7	1
30 8	14
30 9	50
30 10	20
30 13	5
30 16	36
30 17	25
30 18	40
30 19	26
30 20	59
30 21	46
30 22	24
30 23	17
30 25	21
30 26	45
30 28	43
30 29	52
30 31	12
30 32	28
30 33	38
30 34	8
30 35	56
30 37	31
30 38	57
30 40	58
30 41	44
30 42	18
30 43	13
30 44	27
30 46	16
30 47	39
30 49	9
30 50	33
30 51	29
30 53	15
30 54	6
30 55	55
30 56	4
30 57	48
30 58	47
30 59	42
31 0	0
31 1	45
31 2	56
31 3	32
31 4	19
31 5	49
31 6	27
31 7	47
31 8	50
31 10	28
31 11	17
31 12	10
31 13	20
31 14	53
31 15	4
31 17	51
31 18	37
31 19	13
31 20	11
31 21	25
31 22	55
31 23	41
31 24	42
31 25	9
31 26	29
31 27	44
31 28	8
31 29	38
31 30	12
31 31	2
31 32	33
31 33	16
31 34	58
31 36	46
31 37	1
31 38	7
31 39	35
31 40	18
31 41	24
31 42	15
31 43	36
31 45	59
31 46	22
31 47	21
31 48	43
31 49	39
31 50	40
31 52	52
31 53	30
31 54	31
31 55	48
31 56	14
31 57	23
31 58	6
31 59	34
32 0	21
32 1	10
32 2	1
32 3	26
32 4	35
32 5	58
32 7	54
32 8	32
32 9	39
32 10	25
32 11	12
32 13	0
32 14	48
32 15	52
32 16	50
32 17	9
32 18	2
32 19	22
32 20	24
32 24	41
32 25	7
32 26	57
32 27	46
32 28	53
32 29	59
32 31	20
32 33	13
32 35	11
32 36	5
32 37	40
32 38	27
32 39	6
32 40	38
32 42	42
32 43	30
32 44	29
32 45	47
32 46	56
32 48	19
32 49	31
32 50	3
32 52	36
32 53	33
32 54	28
32 55	49
32 56	55
32 57	4
32 58	23
32 59	8
33 0	6
33 1	38
33 2	26
33 3	55
33 4	54
33 5	52
33 6	0
33 7	29
33 9	15
33 10	41
33 11	51
33 12	32
33 13	14
33 14	24
33 15	43
33 17	12
33 18	23
33 21	49
33 22	27
33 23	9
33 24	18
33 25	47
33 26	10
33 28	30
33 29	22
33 30	40
33 31	7
33 32	39
33 34	50
33 36	2
33 37	35
33 38	34
33 39	28
33 40	44
33 41	5
33 42	19
33 43	42
33 45	1
33 46	20
33 47	57
33 48	11
33 49	21
33 50	8
33 51	17
33 53	56
33 54	16
33 55	36
33 56	3
33 57	13
33 58	53
33 59	4
34 0	50
34 1	42
34 2	53
34 4	49
34 5	6
34 6	43
34 9	47
34 11	38
34 12	9
34 13	33
34 14	7
34 15	10
34 18	21
34 19	16
34 20	54
34 21	15
34 23	1
34 24	56
34 25	57
34 26	46
34 27	20
34 28	31
34 29	26
34 30	5
34 32	27
34 34	23
34 38	25
34 40	24
34 42	4
34 43	11
34 44	48
34 45	3
34 47	41
34 48	12
34 49	59
34 50	45
34 51	35
34 52	32
34 53	51
34 54	39
34 55	0
34 56	8
34 58	44
35 0	12
35 1	32
35 2	25
35 4	55
35 5	36
35 6	10
35 7	42
35 8	7
35 10	45
35 11	15
35 12	24
35 13	39
35 14	59
35 17	27
35 18	4
35 20	38
35 21	44
35 22	14
35 23	21
35 24	48
35 26	34
35 27	26
35 28	22
35 29	18
35 30	58
35 31	0
35 32	50
35 34	40
35 35	37
35 36	16
35 37	47
35 40	19
35 41	56
35 43	33
35 44	49
35 45	46
35 46	28
35 47	30
35 48	41
35 49	35
35 50	6
35 51	8
35 52	57
35 53	52
35 54	20
35 55	11
35 56	2
35 57	29
35 59	13
36 0	2
36 2	15
36 3	30
36 4	47
36 5	35
36 8	44
36 9	20
36 10	38
36 11	14
36 12	45
36 13	18
36 14	26
36 16	39
36 17	31
36 19	17
36 20	37
36 21	3
36 22	22
36 24	58
36 25	6
36 26	40
36 27	9
36 28	46
36 29	42
36 30	21
36 31	11
36 32	19
36 33	56
36 34	4
36 36	23
36 37	29
36 38	13
36 39	5
36 40	33
36 42	24
36 43	41
36 44	0
36 45	36
36 47	43
36 48	34
36 49	54
36 50	10
36 52	8
36 53	48
36 54	53
36 55	57
36 56	59
36 57	50
36 58	27
36 59	16
37 2	30
37 3	21
37 4	33
37 5	44
37 6	29
37 7	40
37 8	26
37 9	31
37 10	11
37 11	55
37 12	18
37 13	57
37 14	8
37 15	7
37 16	16
37 17	24
37 18	19
37 19	41
37 20	10
37 21	20
37 24	50
37 25	5
37 27	51
37 28	38
37 29	56
37 32	22
37 33	0
37 34	59
37 35	6
37 36	58
37 37	17
37 38	15
37 39	53
37 40	43
37 41	3
37 42	39
37 43	34
37 44	46
37 45	25
37 46	37
37 47	27
37 49	52
37 50	42
37 51	1
37 52	49
37 53	54
37 54	47
37 56	23
37 58	45
37 59	9
38 0	57
38 1	55
38 2	7
38 4	25
38 5	1
38 6	18
38 7	36
38 8	59
38 9	32
38 10	49
38 11	10
38 12	11
38 13	54
38 15	17
38 16	13
38 17	22
38 18	44
38 19	8
38 20	15
38 22	6
38 24	9
38 25	33
38 26	47
38 27	40
38 29	41
38 30	42
38 31	51
38 32	5
38 33	30
38 34	24
38 35	28
38 36	34
38 37	14
38 38	58
38 40	31
38 41	43
38 42	23
38 44	21
38 46	53
38 47	19
38 48	39
38 49	45
38 50	20
38 51	2
38 52	3
38 53	0
38 55	29
38 56	37
38 59	35
39 0	26
39 1	18
39 2	36
39 3	11
39 4	37
39 6	4
39 7	20
39 9	22
39 10	27
39 11	45
39 12	12
39 15	39
39 16	41
39 17	55
39 19	52
39 20	6
39 21	7
39 22	34
39 23	47
39 24	31
39 25	56
39 26	44
39 27	0
39 28	59
39 31	46
39 32	40
39 33	19
39 34	43
39 35	50
39 37	24
39 39	30
39 40	35
39 41	32
39 42	2
39 43	53
39 44	14
39 45	10
39 46	57
39 48	5
39 49	15
39 50	28
39 51	42
39 52	17
39 53	8
39 55	21
39 56	1
39 57	16
39 58	9
40 1	50
40 4	9
40 6	42
40 7	48
40 8	52
40 10	15
40 11	2
40 12	56
40 13	51
40 15	41
40 16	54
40 17	21
40 18	24
40 20	8
40 21	32
40 23	18
40 25	22
40 26	6
40 27	39
40 28	44
40 29	30
40 31	55
40 32	17
40 33	20
40 34	5
40 36	47
40 37	0
40 39	31
40 40	57
40 41	13
40 42	43
40 43	3
40 44	10
40 45	58
40 46	40
40 48	53
40 49	46
40 53	29
40 55	14
40 56	49
40 57	38
40 58	59
41 0	34
41 2	16
41 5	57
41 7	6
41 8	1
41 10	35
41 12	43
41 13	42
41 14	44
41 15	37
41 16	33
41 17	20
41 18	38
41 19	7
41 20	2
41 21	24
41 22	40
41 23	51
41 24	39
41 27	49
41 30	36
41 31	8
41 32	14
41 33	10
41 34	28
41 35	59
41 36	48
41 37	25
41 38	23
41 39	50
41 40	27
41 42	29
41 43	52
41 44	12
41 48	56
41 49	26
41 50	41
41 51	4
41 52	31
41 54	15
41 56	45
41 58	19
42 0	9
42 1	19
42 2	46
42 3	0
42 4	57
42 5	40
42 7	45
42 8	56
42 9	44
42 10	37
42 11	35
42 12	47
42 13	21
42 16	1
42 17	6
42 18	10
42 19	30
42 21	12
42 22	15
42 23	31
42 24	59
42 25	48
42 26	27
42 27	58
42 30	33
42 31	29
42 32	41
42 33	39
42 34	49
42 35	8
42 36	43
42 37	5
42 38	52
42 39	34
42 41	16
42 42	11
42 43	17
42 44	3
42 45	26
42 46	2
42 47	54
42 50	25
42 51	18
42 52	13
42 53	23
42 54	14
42 55	4
42 56	53
42 58	28
42 59	36
43 0	37
43 1	41
43 3	38
43 4	59
43 7	21
43 8	22
43 9	7
43 12	13
43 14	47
43 15	15
43 16	35
43 17	28
43 18	17
43 20	53
43 21	51
43 22	54
43 23	8
43 24	44
43 25	18
43 26	16
43 27	56
43 28	5
43 29	9
43 30	55
43 31	1
43 32	2
43 33	58
43 34	25
43 35	14
43 36	24
43 37	30
43 38	11
43 40	39
43 41	34
43 42	10
43 43	49
43 44	19
43 45	32
43 46	3
43 48	36
43 49	4
43 50	0
43 51	12
43 53	31
43 54	26
43 56	52
43 57	42
43 58	43
44 1	14
44 4	48
44 6	52
44 7	2
44 8	40
44 10	9
44 11	54
44 12	44
44 13	10
44 14	31
44 17	49
44 18	35
44 19	4
44 20	28
44 22	43
44 23	58
44 24	3
44 25	17
44 26	42
44 27	1
44 28	21
44 29	37
44 30	51
44 32	12
44 33	23
44 34	47
44 36	11
44 38	55
44 40	7
44 41	15
44 42	53
44 43	27
44 44	57
44 45	5
44 46	34
44 47	36
44 48	0
44 49	29
44 50	39
44 51	25
44 52	30
44 54	19
44 55	26
44 57	6
44 59	38
45 0	59
45 3	37
45 4	2
45 5	20
45 6	55
45 8	11
45 9	5
45 10	30
45 11	4
45 12	36
45 14	9
45 15	54
45 16	34
45 17	46
45 18	32
45 20	42
45 23	6
45 24	52
45 25	13
45 26	8
45 27	16
45 28	51
45 29	1
45 30	29
45 31	39
45 32	10
45 34	48
45 36	45
45 38	26
45 39	0
45 40	28
45 41	25
45 42	47
45 43	7
45 44	17
45 45	23
45 46	15
45 47	38
45 48	18
45 49	40
45 50	49
45 51	56
45 53	53
45 54	44
45 57	35
45 59	21
46 0	5
46 1	54
46 3	20
46 4	6
46 5	28
46 6	32
46 7	49
46 8	23
46 10	59
46 11	48
46 12	34
46 13	15
46 14	40
46 15	12
46 16	58
46 18	18
46 20	0
46 22	45
46 23	22
46 26	11
46 27	7
46 28	39
46 29	10
46 30	50
46 31	16
46 32	25
46 33	26
46 34	44
46 35	57
46 36	30
46 37	9
46 38	37
46 39	56
46 40	46
46 41	52
46 42	1
46 44	47
46 47	24
46 49	33
46 50	29
46 51	13
46 53	21
46 54	55
46 55	41
46 56	42
46 57	43
46 59	31
47 0	4
47 1	8
47 2	38
47 3	7
47 4	50
47 7	24
47 10	16
47 11	1
47 12	6
47 13	55
47 14	21
47 15	49
47 16	57
47 17	42
47 18	34
47 20	13
47 21	27
47 23	14
47 24	53
47 25	32
47 26	56
47 27	37
47 28	11
47 29	44
47 31	36
47 32	54
47 33	15
47 34	18
47 35	33
47 36	26
47 37	52
47 38	22
47 39	19
47 40	25
47 41	41
47 42	59
47 43	5
47 45	9
47 46	0
47 48	23
47 49	3
47 51	31
47 52	40
47 53	35
47 54	51
47 55	39
47 56	17
47 57	46
47 58	30
47 59	29
48 0	25
48 1	0
48 2	47
48 3	57
48 4	21
48 5	5
48 6	20
48 8	3
48 9	49
48 10	44
48 11	42
48 12	52
48 14	4
48 15	53
48 16	2
48 17	18
48 18	39
48 19	23
48 20	31
48 22	36
48 23	16
48 24	45
48 25	35
48 26	14
48 28	15
48 30	11
48 32	56
48 33	1
48 34	29
48 35	17
48 36	9
48 37	26
48 38	28
48 39	10
48 40	6
48 41	46
48 42	22
48 43	55
48 44	8
48 46	54
48 48	48
48 49	7
48 50	50
48 51	40
48 52	24
48 53	27
48 54	12
48 55	51
48 57	37
48 58	58
48 59	43
49 0	52
49 1	3
49 2	23
49 3	31
49 4	53
49 5	32
49 6	46
49 7	56
49 10	40
49 11	27
49 12	17
49 13	43
49 14	22
49 16	28
49 17	57
49 18	50
49 19	11
49 21	47
49 22	58
49 23	34
49 24	55
49 25	24
49 27	41
49 29	25
49 30	26
49 31	48
49 32	6
49 33	14
49 34	19
49 35	0
49 36	8
49 37	13
49 38	38
49 40	59
49 42	20
49 43	54
49 44	35
49 45	15
49 46	39
49 47	2
49 48	33
49 51	5
49 52	21
49 53	12
49 54	4
49 55	37
49 56	10
49 57	1
49 58	18
49 59	30
50 0	1
50 1	39
50 3	9
50 4	40
50 7	16
50 8	18
50 9	27
50 10	14
50 12	19
50 14	34
50 15	50
50 16	15
50 17	47
50 18	55
50 19	57
50 20	29
50 21	26
50 23	2
50 24	32
50 25	44
50 26	13
50 27	17
50 29	49
50 31	30
50 32	3
50 33	25
50 34	53
50 35	48
50 36	42
50 37	11
50 38	45
50 40	36
50 41	23
50 43	4
50 45	56
50 46	24
50 47	6
50 48	46
50 49	51
50 50	5
50 51	0
50 53	37
50 54	22
50 55	28
50 56	43
50 57	58
50 58	33
50 59	7
51 0	49
51 1	15
51 2	39
51 3	40
51 6	24
51 9	42
51 10	5
51 11	46
51 12	21
51 13	45
51 14	14
51 15	0
51 16	8
51 17	58
51 19	53
51 20	1
51 21	31
51 22	57
51 23	29
51 24	27
51 25	30
51 26	28
51 28	7
51 30	6
51 34	10
51 35	26
51 36	41
51 37	4
51 40	23
51 41	19
51 42	32
51 43	12
51 44	55
51 45	34
51 46	17
51 47	11
51 48	37
51 49	48
51 50	9
51 51	52
51 52	20
51 53	59
51 54	3
51 55	2
51 56	38
51 57	44
51 58	13
51 59	56
52 0	19
52 1	51
52 2	37
52 4	10
52 5	26
52 6	30
52 7	22
52 9	0
52 12	53
52 14	55
52 15	13
52 17	15
52 18	33
52 19	24
52 20	58
52 21	36
52 22	1
52 23	43
52 24	4
52 25	45
52 26	50
52 28	52
52 30	44
52 32	47
52 33	8
52 34	32
52 35	34
52 36	21
52 37	38
52 39	29
52 40	40
52 41	59
52 43	57
52 45	48
52 46	11
52 48	16
52 49	28
52 52	25
52 53	7
52 54	42
52 55	5
52 56	35
52 57	2
52 58	3
52 59	41
53 0	36
53 1	40
53 2	33
53 3	56
53 4	24
53 5	23
53 6	41
53 7	44
53 8	34
53 10	48
53 11	13
53 15	21
53 16	29
53 17	10
53 18	59
53 20	50
53 21	2
53 22	5
53 23	38
53 24	43
53 26	0
53 27	11
53 28	6
53 29	54
53 30	35
53 33	3
53 34	31
53 35	49
53 37	37
53 38	19
53 42	46
53 44	58
53 45	17
53 46	32
53 47	26
53 48	52
53 49	22
53 50	55
53 51	7
53 52	39
53 54	45
53 55	42
53 56	27
53 57	25
53 58	1
53 59	53
54 0	33
54 1	7
54 2	12
54 3	47
54 4	11
54 5	14
54 6	40
54 7	31
54 8	58
54 9	16
54 10	29
54 11	22
54 12	27
54 13	2
54 14	54
54 15	28
54 16	4
54 17	35
54 18	3
54 19	50
54 20	56
54 21	39
54 22	18
54 23	52
54 24	20
54 26	32
54 27	8
54 28	48
54 30	41
54 32	1
54 33	37
54 34	30
54 35	9
54 36	53
54 37	15
54 39	55
54 40	26
54 41	38
54 43	10
54 44	24
54 45	6
54 47	46
54 48	25
54 50	51
54 51	23
54 52	0
54 53	5
54 54	17
54 55	45
54 57	34
54 58	21
55 0	11
55 1	24
55 3	18
55 6	26
55 7	34
55 9	54
55 10	33
55 11	23
55 12	58
55 13	12
55 14	57
55 15	9
55 16	59
55 17	32
55 19	10
55 21	29
55 22	0
55 23	5
55 24	46
55 26	22
55 27	31
55 28	2
55 29	20
55 30	49
55 33	51
55 34	36
55 35	42
55 36	56
55 37	45
55 38	30
55 39	44
55 40	3
55 41	37
55 42	48
55 43	1
55 44	52
55 45	8
55 46	47
55 47	4
55 49	41
55 50	17
55 51	39
55 52	50
55 53	14
55 54	25
55 55	27
55 57	21
55 58	55
56 0	55
56 1	29
56 2	4
56 4	27
56 5	31
56 6	11
56 10	3
56 11	34
56 12	59
56 13	53
56 14	17
56 15	22
56 16	42
56 17	40
56 18	0
56 19	25
56 20	48
56 22	21
56 23	12
56 24	24
56 25	28
56 27	36
56 28	47
56 29	8
56 30	46
56 31	35
56 32	13
56 33	7
56 34	57
56 35	32
56 36	52
56 39	51
56 40	20
56 41	33
56 42	54
56 43	50
56 44	56
56 45	45
56 46	19
56 47	58
56 48	44
56 49	49
56 50	1
56 51	30
56 52	5
56 53	26
56 54	9
56 56	39
56 58	41
56 59	37
57 0	27
57 1	22
57 2	55
57 3	44
57 4	36
57 5	48
57 6	21
57 7	26
57 8	49
57 9	41
57 10	51
57 11	28
57 12	14
57 13	11
57 14	39
57 16	45
57 17	8
57 18	20
57 19	34
57 20	33
57 21	50
57 22	46
57 23	23
57 25	4
57 27	35
57 28	13
57 29	17
57 30	43
57 31	54
57 33	57
57 34	37
57 36	15
57 37	2
57 40	53
57 41	12
57 44	9
57 46	58
57 47	0
57 48	40
57 50	24
57 52	19
57 53	1
57 54	10
57 55	47
57 57	56
57 58	25
57 59	18
58 0	46
58 1	13
58 2	2
58 4	29
58 5	22
58 7	38
58 8	24
58 9	28
58 11	33
58 12	48
58 13	19
58 14	20
58 15	27
58 17	0
58 18	42
58 20	23
58 21	10
58 22	39
58 23	57
58 24	26
58 25	34
58 26	43
58 27	32
58 28	36
58 30	4
58 31	37
58 32	49
58 33	21
58 35	55
58 36	44
58 37	59
58 38	5
58 39	40
58 40	1
58 41	35
58 43	18
58 44	51
58 46	7
58 47	15
58 48	17
58 49	30
58 53	25
58 54	41
58 55	56
58 58	31
58 59	47
59 0	45
59 1	56
59 2	6
59 3	10
59 4	39
59 5	41
59 6	19
59 7	58
59 8	13
59 9	52
59 11	36
59 12	57
59 13	22
59 14	27
59 15	32
59 17	44
59 18	30
59 20	16
59 23	20
59 24	34
59 25	25
59 26	1
59 28	28
59 29	5
59 31	50
59 33	4
59 35	53
59 37	55
59 38	14
59 39	26
59 41	40
59 42	7
59 43	8
59 44	54
59 45	37
59 46	43
59 47	17
59 48	31
59 49	11
59 50	47
59 51	51
59 52	33
59 53	2
59 54	18
59 58	35
59 59	3
