70
0 3	36
0 6	37
0 8	50
0 15	12
0 20	49
0 21	57
0 23	18
0 25	28
0 33	2
0 37	9
0 38	25
0 39	23
0 40	42
0 41	51
0 46	11
0 47	16
0 49	39
0 55	35
1 1	6
1 2	63
1 4	66
1 8	34
1 10	19
1 11	43
1 17	24
1 22	38
1 23	49
1 24	60
1 25	45
1 29	26
1 30	11
1 32	2
1 35	61
1 36	23
1 38	36
1 44	51
1 47	68
1 48	31
1 50	9
1 54	48
1 55	18
1 57	65
1 60	69
1 62	7
1 63	1
1 68	8
1 69	35
2 2	4
2 7	3
2 8	52
2 10	25
2 11	32
2 18	41
2 19	36
2 25	11
2 36	39
2 39	49
2 40	45
2 43	47
2 45	64
2 53	67
2 57	43
2 58	22
2 60	20
2 61	2
2 62	53
2 64	14
2 65	38
2 67	12
3 0	24
3 4	43
3 12	44
3 16	37
3 23	25
3 30	4
3 38	51
3 39	31
3 40	21
3 45	53
3 48	29
3 50	18
3 52	65
3 54	23
3 59	40
3 60	12
3 63	13
4 4	27
4 5	67
4 7	14
4 10	48
4 11	30
4 12	4
4 19	9
4 22	32
4 25	63
4 27	6
4 31	53
4 33	12
4 37	33
4 40	46
4 41	25
4 44	26
4 46	37
4 51	39
4 53	34
4 56	18
4 57	0
4 60	51
4 62	28
4 66	8
5 4	37
5 5	56
5 6	58
5 7	60
5 9	13
5 11	40
5 14	21
5 20	45
5 24	11
5 25	65
5 27	67
5 30	64
5 31	39
5 34	69
5 36	66
5 37	50
5 38	62
5 41	17
5 44	28
5 48	3
5 49	2
5 50	33
5 52	49
5 53	43
5 59	35
5 62	46
5 63	23
5 66	30
5 68	26
5 69	14
6 1	35
6 5	27
6 6	63
6 8	19
6 9	38
6 11	66
6 14	25
6 19	5
6 24	50
6 26	12
6 27	4
6 30	6
6 31	59
6 39	60
6 41	31
6 55	11
6 56	44
6 61	24
6 62	30
6 64	65
7 3	64
7 4	10
7 6	18
7 7	50
7 9	52
7 13	42
7 14	19
7 16	4
7 18	20
7 21	0
7 22	34
7 23	51
7 28	8
7 29	7
7 38	63
7 39	69
7 44	61
7 48	11
7 51	24
7 53	58
7 63	30
7 68	35
8 0	1
8 1	62
8 2	26
8 4	29
8 7	66
8 8	3
8 9	42
8 18	60
8 19	68
8 23	32
8 29	47
8 39	37
8 42	61
8 43	15
8 45	57
8 46	36
8 47	45
8 52	43
8 60	44
8 62	31
8 64	27
8 67	48
8 69	67
9 7	64
9 9	18
9 16	40
9 17	28
9 19	47
9 20	24
9 25	33
9 28	49
9 38	55
9 44	3
9 47	38
9 49	30
9 50	32
9 52	59
9 56	16
9 59	13
9 64	39
9 66	50
9 69	25
10 8	42
10 15	17
10 16	32
10 17	31
10 21	68
10 25	55
10 27	2
10 28	63
10 29	6
10 32	66
10 35	36
10 38	52
10 39	61
10 40	53
10 45	56
10 47	64
10 48	35
10 61	4
10 66	15
10 67	21
10 68	19
11 3	21
11 4	63
11 16	19
11 21	23
11 22	43
11 29	67
11 32	25
11 39	38
11 41	46
11 43	62
11 44	10
11 47	13
11 48	55
11 49	5
11 52	18
11 54	3
11 55	45
11 57	37
11 58	31
11 65	26
12 0	20
12 2	38
12 3	32
12 4	65
12 6	46
12 7	0
12 9	30
12 30	10
12 32	35
12 37	47
12 40	14
12 45	50
12 47	40
12 54	17
12 56	48
12 59	3
12 62	9
12 63	4
12 64	1
12 65	6
13 0	44
13 4	22
13 5	23
13 10	35
13 20	67
13 26	24
13 30	52
13 39	59
13 44	31
13 48	53
13 50	6
13 51	36
13 55	65
13 57	45
13 59	16
13 61	51
13 64	3
13 65	37
13 66	39
14 3	31
14 14	50
14 18	45
14 24	61
14 25	35
14 26	27
14 27	24
14 31	16
14 34	1
14 38	64
14 41	60
14 42	44
14 44	17
14 50	14
14 61	41
14 62	33
15 1	7
15 2	52
15 6	12
15 7	47
15 12	20
15 13	66
15 15	68
15 20	26
15 22	2
15 23	45
15 24	40
15 29	11
15 33	60
15 37	69
15 39	58
15 42	14
15 43	22
15 55	49
15 58	24
15 59	17
15 62	1
15 63	31
15 65	30
16 1	57
16 2	17
16 8	41
16 15	16
16 18	5
16 19	10
16 21	3
16 25	49
16 26	13
16 28	47
16 29	1
16 36	33
16 42	52
16 46	38
16 47	62
16 49	58
16 54	7
16 57	27
16 60	43
16 67	22
16 69	31
17 14	53
17 17	1
17 28	0
17 29	27
17 30	44
17 31	34
17 36	62
17 38	7
17 40	29
17 43	60
17 62	50
17 65	36
17 67	32
17 68	52
17 69	59
18 0	17
18 2	21
18 5	43
18 28	32
18 33	64
18 35	55
18 38	40
18 42	69
18 43	33
18 46	4
18 48	2
18 51	47
18 60	48
18 62	56
18 63	19
18 65	16
19 1	30
19 4	58
19 5	41
19 8	23
19 12	28
19 13	9
19 23	12
19 28	31
19 31	20
19 35	8
19 37	11
19 38	48
19 39	0
19 40	68
19 49	18
19 51	10
19 59	27
19 61	36
19 65	53
19 66	7
20 5	53
20 8	64
20 9	14
20 10	4
20 11	2
20 16	3
20 20	21
20 22	10
20 27	34
20 33	8
20 35	66
20 39	5
20 42	12
20 46	58
20 48	22
20 49	59
20 55	27
20 56	35
20 57	29
20 60	50
20 62	57
20 63	40
20 68	6
21 5	60
21 17	17
21 19	62
21 21	59
21 27	69
21 28	22
21 29	56
21 33	53
21 34	27
21 35	58
21 36	16
21 43	57
21 47	65
21 48	48
21 49	43
21 50	68
21 51	14
21 53	3
21 58	5
21 63	51
21 66	67
21 67	52
22 4	39
22 5	28
22 6	35
22 7	48
22 11	6
22 12	50
22 14	62
22 15	54
22 21	60
22 25	53
22 27	58
22 32	40
22 36	25
22 40	31
22 43	52
22 45	23
22 49	44
22 51	45
22 57	64
22 59	33
22 67	8
22 68	5
22 69	18
23 10	11
23 16	13
23 17	69
23 23	34
23 24	25
23 25	9
23 29	31
23 40	56
23 41	10
23 43	68
23 46	60
23 48	21
23 50	54
23 51	32
23 55	20
23 61	61
23 65	5
23 68	53
23 69	46
24 2	27
24 3	47
24 5	57
24 6	15
24 9	6
24 10	34
24 11	14
24 12	12
24 22	42
24 24	37
24 29	40
24 40	52
24 43	48
24 44	29
24 47	7
24 61	32
24 65	41
24 67	26
24 68	11
24 69	69
25 4	68
25 5	4
25 10	39
25 13	6
25 14	22
25 15	47
25 17	2
25 18	55
25 19	48
25 24	51
25 26	30
25 33	21
25 39	67
25 40	41
25 42	58
25 45	16
25 47	5
25 49	10
25 50	1
25 53	11
25 56	34
25 61	49
25 64	66
25 69	33
26 1	41
26 6	11
26 7	57
26 8	53
26 9	43
26 14	14
26 15	30
26 17	56
26 19	60
26 25	58
26 27	40
26 28	25
26 35	7
26 41	16
26 43	12
26 47	24
26 56	55
26 59	50
26 64	64
27 0	23
27 1	15
27 4	4
27 7	25
27 11	3
27 19	32
27 24	39
27 25	0
27 29	18
27 30	57
27 31	31
27 32	63
27 36	2
27 38	9
27 39	51
27 42	28
27 48	37
27 53	21
27 57	5
27 65	8
27 66	38
27 67	53
27 69	62
28 0	13
28 1	59
28 2	60
28 4	51
28 5	37
28 6	64
28 9	28
28 10	3
28 11	5
28 13	41
28 15	20
28 16	61
28 19	52
28 23	7
28 24	63
28 25	50
28 27	26
28 30	29
28 31	9
28 32	12
28 33	33
28 42	8
28 44	24
28 46	62
28 48	30
28 50	55
28 52	57
28 55	1
28 58	38
28 60	53
28 64	15
28 66	48
28 67	45
29 10	21
29 11	20
29 12	5
29 13	2
29 18	29
29 19	24
29 28	44
29 29	4
29 30	36
29 35	19
29 38	6
29 43	61
29 44	55
29 46	43
29 47	49
29 58	32
29 62	59
29 66	45
29 68	13
30 11	34
30 12	53
30 13	45
30 20	59
30 22	24
30 25	32
30 26	50
30 27	43
30 29	29
30 31	46
30 42	67
30 43	37
30 45	39
30 48	0
30 50	28
30 51	51
30 54	21
30 55	2
30 56	8
30 58	12
30 62	27
30 64	44
30 65	66
30 68	63
31 3	22
31 8	59
31 13	36
31 16	69
31 20	35
31 22	45
31 26	28
31 27	8
31 28	54
31 36	4
31 42	24
31 45	14
31 48	40
31 51	65
31 52	23
31 56	21
31 58	58
31 59	20
31 64	49
31 68	47
32 1	19
32 3	9
32 5	62
32 9	69
32 10	43
32 12	6
32 13	35
32 14	55
32 16	8
32 17	38
32 20	40
32 22	39
32 24	31
32 25	26
32 26	18
32 32	5
32 35	25
32 38	65
32 39	56
32 42	15
32 44	41
32 47	33
32 50	50
32 52	24
32 53	51
32 55	13
32 56	32
32 58	7
32 60	45
32 67	4
32 68	30
32 69	42
33 12	54
33 14	60
33 15	21
33 16	17
33 17	58
33 18	26
33 26	49
33 32	45
33 33	4
33 40	50
33 41	36
33 46	12
33 47	15
33 49	69
33 53	24
33 59	1
33 68	64
34 14	13
34 16	14
34 19	2
34 20	18
34 27	63
34 30	30
34 34	28
34 36	52
34 39	16
34 41	35
34 43	56
34 44	37
34 46	54
34 54	31
34 56	5
34 67	68
34 69	20
35 2	3
35 13	27
35 15	6
35 16	58
35 18	69
35 22	1
35 26	11
35 27	55
35 30	33
35 31	67
35 34	66
35 35	4
35 39	29
35 43	49
35 44	38
35 46	48
35 51	46
35 54	2
35 56	43
35 58	37
35 65	57
35 66	0
36 1	42
36 3	45
36 18	7
36 21	55
36 23	24
36 29	54
36 32	64
36 33	27
36 36	49
36 49	3
36 55	19
36 60	10
36 61	50
36 65	51
36 67	46
36 68	39
37 0	47
37 4	48
37 8	11
37 9	0
37 10	59
37 13	51
37 22	30
37 23	38
37 26	39
37 31	43
37 34	26
37 35	21
37 40	57
37 47	14
37 48	36
37 54	16
37 60	62
37 62	12
37 65	31
37 68	7
38 17	15
38 20	60
38 30	66
38 31	19
38 33	38
38 34	3
38 43	16
38 44	65
38 52	37
38 63	50
38 66	40
38 68	56
39 0	0
39 8	38
39 9	4
39 11	63
39 16	52
39 17	54
39 28	18
39 29	33
39 34	21
39 38	59
39 39	43
39 41	39
39 49	37
39 50	23
39 55	7
39 56	29
39 59	55
39 61	40
39 62	41
39 65	62
40 6	22
40 7	15
40 8	65
40 16	26
40 17	33
40 27	38
40 32	21
40 34	0
40 37	56
40 41	57
40 44	30
40 53	49
40 54	10
40 55	64
40 56	27
40 58	1
40 66	4
40 67	2
40 68	28
40 69	55
41 8	40
41 13	62
41 14	38
41 17	48
41 23	27
41 27	0
41 29	50
41 31	1
41 34	22
41 36	55
41 38	41
41 39	57
41 40	43
41 46	29
41 50	46
41 51	42
41 53	31
41 56	30
41 62	54
41 64	26
41 65	63
41 66	49
41 68	65
41 69	51
42 1	40
42 9	35
42 10	22
42 16	9
42 26	5
42 33	57
42 35	64
42 37	68
42 38	2
42 39	10
42 48	49
42 51	25
42 54	8
42 63	48
42 64	43
42 67	31
42 68	54
43 0	34
43 2	2
43 7	28
43 9	12
43 10	0
43 11	52
43 13	59
43 16	64
43 20	65
43 22	9
43 28	16
43 29	22
43 30	26
43 32	41
43 34	17
43 47	69
43 49	57
43 52	53
43 53	35
43 56	15
43 59	21
43 64	31
43 67	55
43 68	24
43 69	45
44 1	49
44 2	64
44 3	33
44 4	53
44 7	34
44 12	39
44 13	61
44 14	68
44 16	1
44 21	28
44 22	21
44 24	10
44 25	5
44 27	11
44 28	59
44 30	0
44 32	54
44 34	60
44 36	43
44 39	32
44 41	2
44 42	6
44 46	51
44 49	22
44 50	58
44 52	38
44 54	4
44 55	67
44 59	46
44 60	27
44 62	66
44 66	47
44 69	3
45 1	54
45 3	34
45 4	36
45 5	31
45 6	49
45 8	61
45 10	8
45 14	67
45 17	68
45 18	46
45 19	59
45 23	21
45 28	58
45 29	14
45 30	28
45 36	17
45 38	29
45 48	7
45 49	1
45 53	9
45 62	47
45 68	10
46 5	29
46 7	6
46 11	41
46 12	45
46 15	28
46 25	12
46 30	16
46 31	35
46 32	65
46 42	54
46 46	25
46 47	0
46 48	18
46 49	24
46 50	49
46 51	48
46 61	59
46 62	15
46 64	50
46 67	66
47 3	52
47 4	7
47 6	16
47 9	60
47 12	65
47 14	26
47 18	50
47 21	4
47 26	53
47 29	46
47 33	69
47 38	24
47 40	55
47 44	2
47 45	10
47 46	0
47 47	36
47 51	3
47 52	33
47 54	49
47 57	8
47 59	19
47 63	57
47 64	59
47 68	1
48 1	3
48 4	33
48 10	36
48 18	31
48 20	51
48 22	67
48 26	25
48 28	66
48 32	53
48 40	60
48 42	19
48 51	40
48 54	1
48 61	42
48 65	35
48 66	18
48 67	14
48 68	32
49 0	27
49 2	32
49 4	38
49 6	9
49 10	42
49 12	37
49 17	67
49 30	8
49 35	3
49 36	51
49 38	13
49 41	34
49 42	49
49 48	1
49 51	35
49 52	66
49 55	15
49 59	6
49 60	64
49 68	21
50 0	33
50 8	1
50 11	48
50 12	18
50 15	41
50 22	35
50 26	19
50 30	9
50 41	7
50 42	64
50 43	32
50 45	65
50 50	38
50 51	63
50 55	56
50 58	34
50 67	49
51 1	18
51 5	61
51 7	44
51 18	6
51 23	31
51 29	41
51 32	47
51 38	49
51 41	19
51 42	40
51 43	1
51 45	24
51 46	15
51 51	29
51 52	10
51 54	66
51 61	25
51 62	51
51 64	52
51 67	59
52 2	5
52 6	39
52 8	36
52 9	61
52 10	65
52 17	27
52 25	22
52 26	60
52 27	25
52 32	3
52 40	15
52 49	53
52 50	42
52 52	9
52 53	12
52 58	66
52 61	17
53 3	37
53 8	10
53 11	61
53 17	36
53 19	4
53 21	65
53 30	5
53 33	48
53 36	31
53 40	66
53 41	14
53 42	33
53 44	1
53 48	39
53 51	13
53 54	58
53 56	53
53 58	49
53 62	35
53 64	46
53 67	43
53 69	6
54 3	28
54 6	43
54 7	69
54 9	20
54 12	63
54 15	24
54 22	40
54 27	32
54 32	7
54 36	41
54 37	54
54 38	34
54 41	50
54 47	46
54 51	37
54 52	21
54 56	65
54 59	9
54 68	0
55 0	55
55 1	58
55 10	10
55 15	51
55 25	23
55 26	15
55 29	3
55 32	11
55 38	42
55 39	21
55 41	9
55 42	50
55 51	64
55 57	19
55 69	4
56 1	23
56 3	26
56 4	24
56 9	34
56 13	50
56 17	41
56 20	56
56 26	36
56 29	12
56 35	39
56 40	3
56 43	19
56 45	48
56 47	47
56 52	69
56 61	35
56 64	60
56 66	6
57 0	66
57 1	50
57 2	8
57 5	7
57 8	27
57 11	68
57 14	49
57 16	56
57 19	39
57 21	22
57 22	41
57 25	60
57 28	26
57 30	21
57 34	47
57 35	46
57 39	45
57 48	42
57 51	23
57 55	0
57 66	10
57 67	58
57 68	25
57 69	5
58 0	14
58 10	12
58 12	48
58 15	39
58 20	64
58 22	63
58 24	27
58 26	52
58 28	60
58 29	13
58 31	11
58 39	40
58 41	61
58 50	2
58 53	23
58 54	57
58 60	58
59 5	17
59 14	9
59 17	39
59 22	47
59 23	16
59 29	28
59 32	1
59 33	40
59 38	56
59 40	37
59 41	24
59 44	60
59 49	8
59 55	34
59 59	25
59 60	33
59 61	65
59 68	15
60 2	43
60 6	38
60 9	46
60 11	62
60 19	31
60 28	10
60 29	25
60 30	50
60 31	69
60 34	4
60 37	61
60 42	59
60 45	41
60 48	66
60 50	17
60 51	26
60 59	60
60 61	47
60 64	58
60 65	19
60 66	36
61 2	65
61 5	46
61 6	4
61 8	35
61 10	57
61 11	19
61 13	3
61 15	31
61 18	68
61 22	8
61 24	24
61 27	42
61 36	53
61 40	13
61 43	28
61 47	32
61 51	21
61 56	2
61 63	33
61 65	27
61 69	50
62 0	67
62 2	13
62 3	11
62 11	28
62 14	30
62 15	10
62 16	50
62 19	44
62 24	53
62 26	64
62 28	41
62 30	42
62 35	15
62 37	58
62 38	32
62 39	48
62 40	38
62 41	59
62 45	51
62 48	45
62 50	25
62 51	7
62 52	39
62 55	57
62 57	60
62 59	8
62 60	66
62 62	55
62 63	34
62 64	61
62 65	24
62 66	54
63 4	67
63 5	30
63 6	26
63 7	10
63 9	5
63 10	44
63 11	65
63 13	28
63 19	56
63 20	8
63 21	13
63 23	36
63 26	6
63 32	15
63 36	60
63 46	27
63 56	52
63 57	46
63 65	39
63 66	2
64 4	18
64 10	28
64 13	30
64 15	22
64 16	6
64 20	29
64 22	17
64 24	16
64 25	20
64 27	47
64 29	68
64 31	42
64 43	35
64 44	32
64 45	45
64 52	11
64 55	24
64 63	43
65 12	66
65 20	55
65 21	36
65 22	59
65 24	41
65 28	68
65 31	38
65 34	64
65 45	31
65 46	21
65 47	3
65 49	23
65 52	54
65 53	4
65 55	58
65 56	17
65 58	18
65 60	24
65 62	11
65 64	40
65 66	56
65 69	8
66 0	58
66 1	63
66 3	57
66 7	40
66 14	8
66 16	28
66 18	11
66 19	7
66 25	54
66 31	5
66 33	24
66 34	65
66 35	67
66 36	44
66 45	19
66 64	48
66 65	1
67 0	69
67 2	61
67 8	15
67 13	55
67 14	37
67 20	30
67 22	62
67 26	8
67 27	45
67 30	38
67 33	41
67 35	49
67 40	20
67 41	1
67 45	68
67 49	0
67 50	36
67 52	67
67 53	56
67 56	64
67 57	12
67 60	59
67 61	23
67 63	35
67 69	66
68 1	69
68 3	3
68 15	19
68 17	32
68 18	9
68 23	22
68 27	10
68 29	51
68 31	33
68 32	23
68 35	31
68 37	15
68 40	36
68 41	13
68 43	25
68 49	55
68 56	40
68 61	16
68 66	61
68 69	1
69 0	68
69 1	21
69 3	40
69 5	64
69 10	38
69 12	55
69 20	61
69 21	10
69 28	5
69 29	62
69 32	33
69 36	45
69 38	3
69 41	29
69 45	6
69 49	9
69 52	22
69 53	47
69 55	48
69 56	69
69 59	0
69 63	36
69 67	35
