70
0 0	4
0 6	61
0 8	44
0 9	19
0 13	33
0 18	42
0 20	29
0 21	30
0 22	13
0 23	32
0 24	1
0 26	28
0 28	62
0 29	0
0 30	31
0 34	45
0 36	39
0 37	27
0 39	17
0 40	21
0 42	2
0 43	26
0 45	65
0 46	66
0 47	22
0 48	41
0 50	24
0 53	18
0 54	69
0 55	6
0 59	9
0 61	52
0 65	40
0 67	53
0 68	7
1 0	40
1 2	45
1 5	68
1 7	61
1 12	64
1 13	31
1 15	46
1 17	12
1 18	49
1 19	5
1 22	39
1 26	2
1 27	1
1 28	58
1 36	23
1 38	35
1 40	14
1 43	16
1 48	21
1 49	51
1 50	18
1 52	56
1 53	26
1 55	20
1 56	32
1 57	24
1 58	44
1 59	0
1 62	57
1 66	47
2 3	68
2 13	49
2 14	11
2 15	61
2 17	17
2 19	35
2 21	38
2 22	24
2 25	39
2 26	21
2 27	9
2 29	6
2 30	18
2 33	37
2 34	23
2 36	7
2 38	5
2 39	57
2 41	25
2 42	32
2 45	14
2 46	4
2 48	62
2 49	59
2 54	2
2 56	50
2 59	26
2 61	3
2 62	64
2 63	40
2 67	22
3 0	56
3 2	69
3 6	5
3 10	39
3 11	38
3 15	55
3 17	0
3 18	20
3 20	17
3 24	37
3 25	41
3 26	51
3 27	36
3 32	12
3 34	14
3 35	10
3 37	18
3 38	54
3 40	45
3 42	68
3 50	58
3 51	33
3 53	25
3 55	47
3 56	11
3 60	48
3 65	49
3 68	26
3 69	28
4 0	53
4 5	17
4 7	41
4 11	20
4 12	18
4 13	21
4 18	5
4 23	26
4 25	14
4 26	47
4 30	50
4 37	22
4 38	55
4 39	0
4 43	39
4 44	40
4 45	1
4 47	15
4 48	60
4 51	4
4 53	12
4 54	32
4 56	23
4 57	19
4 59	67
4 62	58
4 63	8
5 4	11
5 5	13
5 7	47
5 8	7
5 10	56
5 11	46
5 13	5
5 16	60
5 19	19
5 24	15
5 26	40
5 28	1
5 29	3
5 31	4
5 34	21
5 35	51
5 36	20
5 37	52
5 39	12
5 40	57
5 43	23
5 44	55
5 46	45
5 52	54
5 53	10
5 55	30
5 58	66
5 60	49
5 61	17
5 69	26
6 0	63
6 1	68
6 6	49
6 7	36
6 8	48
6 9	24
6 11	52
6 12	62
6 13	18
6 14	50
6 18	4
6 19	44
6 23	67
6 24	20
6 29	46
6 33	40
6 36	31
6 39	28
6 50	5
6 51	8
6 52	33
6 53	32
6 57	21
6 59	54
6 61	14
6 63	35
6 66	41
7 0	36
7 1	46
7 4	15
7 9	52
7 16	31
7 18	61
7 19	58
7 21	18
7 24	25
7 25	10
7 27	30
7 34	57
7 35	9
7 39	19
7 41	59
7 50	8
7 52	65
7 53	68
7 59	17
7 62	6
7 63	43
7 68	28
8 3	8
8 4	33
8 5	16
8 6	9
8 11	40
8 12	11
8 13	43
8 15	49
8 18	34
8 20	63
8 21	20
8 22	35
8 26	38
8 27	59
8 31	41
8 32	45
8 35	3
8 39	52
8 42	29
8 43	0
8 47	17
8 49	23
8 50	19
8 52	31
8 53	54
8 55	44
8 56	24
8 58	39
8 63	14
8 64	69
8 67	4
8 68	36
9 1	0
9 3	59
9 4	63
9 5	22
9 9	11
9 11	67
9 14	30
9 22	27
9 23	64
9 24	57
9 26	45
9 28	68
9 30	23
9 31	52
9 32	17
9 33	55
9 35	54
9 38	39
9 41	24
9 42	47
9 44	4
9 45	25
9 47	5
9 48	35
9 50	51
9 51	14
9 52	49
9 53	38
9 55	43
9 57	6
9 62	69
9 63	56
9 66	36
9 68	33
10 1	60
10 4	62
10 5	3
10 13	13
10 14	24
10 18	23
10 19	57
10 20	59
10 21	47
10 22	69
10 24	26
10 25	1
10 27	46
10 34	43
10 37	32
10 39	67
10 40	31
10 45	58
10 49	20
10 50	16
10 51	55
10 55	4
10 56	18
10 58	40
10 61	29
10 64	14
10 66	34
11 11	6
11 12	30
11 15	54
11 18	53
11 19	8
11 23	22
11 24	64
11 27	49
11 30	20
11 31	46
11 34	41
11 36	9
11 37	24
11 41	33
11 42	34
11 43	14
11 45	0
11 46	69
11 49	11
11 50	43
11 51	37
11 52	1
11 53	3
11 55	27
11 59	66
11 60	55
11 65	18
11 69	61
12 5	11
12 6	4
12 8	12
12 11	19
12 16	30
12 17	27
12 19	15
12 22	40
12 23	54
12 24	63
12 28	53
12 33	57
12 34	6
12 36	29
12 37	14
12 40	44
12 43	24
12 47	20
12 52	47
12 53	50
12 54	33
12 61	39
12 63	13
12 64	0
12 66	1
12 67	51
12 68	52
13 7	60
13 8	68
13 12	2
13 13	0
13 14	44
13 23	31
13 25	65
13 28	56
13 29	7
13 31	47
13 32	34
13 36	17
13 40	52
13 41	39
13 43	15
13 44	1
13 46	20
13 50	40
13 57	12
13 58	58
13 60	5
13 61	55
13 62	51
13 63	30
13 64	45
13 68	13
13 69	33
14 2	11
14 4	61
14 8	2
14 9	15
14 12	22
14 16	27
14 18	37
14 24	4
14 27	55
14 29	49
14 32	40
14 39	69
14 40	42
14 41	46
14 44	51
14 46	8
14 51	56
14 52	19
14 54	67
14 56	57
14 64	62
15 0	48
15 5	9
15 7	30
15 8	54
15 10	26
15 12	59
15 13	65
15 20	14
15 22	62
15 23	49
15 25	22
15 26	64
15 28	16
15 29	36
15 31	13
15 33	41
15 34	52
15 40	50
15 41	17
15 46	11
15 51	46
15 56	39
15 59	69
15 62	7
15 64	55
15 67	45
16 0	39
16 1	3
16 3	54
16 5	67
16 6	48
16 8	17
16 9	5
16 11	29
16 12	58
16 13	6
16 14	32
16 15	56
16 18	19
16 19	24
16 20	37
16 22	60
16 26	9
16 27	25
16 34	36
16 36	69
16 38	14
16 41	61
16 43	30
16 44	16
16 46	10
16 47	38
16 49	62
16 56	22
16 57	53
16 59	64
16 62	31
16 63	49
16 64	68
16 66	44
16 69	50
17 0	25
17 5	2
17 10	51
17 13	39
17 14	21
17 16	58
17 18	17
17 27	27
17 33	12
17 37	48
17 40	67
17 41	32
17 43	63
17 45	35
17 49	66
17 52	3
17 54	5
17 55	68
17 56	16
17 57	14
17 58	34
17 60	64
17 63	31
17 66	42
17 67	49
17 68	38
18 3	2
18 6	21
18 7	37
18 8	62
18 10	7
18 12	33
18 20	48
18 22	19
18 26	52
18 28	15
18 35	67
18 37	41
18 38	18
18 40	10
18 41	27
18 44	60
18 46	64
18 48	51
18 49	3
18 51	42
18 52	9
18 54	22
18 62	45
18 65	47
19 0	27
19 2	54
19 4	21
19 10	23
19 11	44
19 13	63
19 14	53
19 17	69
19 19	65
19 20	61
19 26	37
19 27	16
19 28	49
19 29	38
19 30	66
19 33	4
19 35	7
19 37	33
19 38	22
19 42	13
19 43	60
19 45	57
19 46	67
19 49	18
19 51	28
19 52	59
19 53	34
19 55	5
19 56	29
19 57	25
19 62	50
19 63	9
19 64	3
19 65	0
20 3	22
20 4	4
20 7	64
20 9	33
20 12	7
20 13	32
20 15	8
20 16	11
20 17	10
20 18	38
20 24	56
20 25	51
20 26	48
20 27	26
20 28	2
20 31	67
20 32	57
20 37	31
20 39	35
20 40	49
20 42	20
20 45	54
20 49	28
20 50	46
20 54	63
20 55	21
20 56	55
20 59	13
20 63	0
20 64	52
21 5	64
21 6	50
21 9	56
21 12	63
21 14	7
21 17	31
21 22	68
21 23	57
21 25	35
21 26	5
21 31	3
21 32	55
21 35	26
21 37	8
21 41	21
21 42	69
21 48	61
21 53	60
21 58	29
21 59	44
21 60	11
21 61	65
21 65	51
21 66	39
21 67	15
21 69	24
22 0	32
22 3	3
22 8	40
22 9	31
22 13	50
22 14	0
22 17	54
22 22	45
22 23	35
22 26	27
22 29	52
22 31	51
22 33	64
22 34	44
22 35	53
22 36	1
22 45	12
22 46	23
22 49	58
22 53	11
22 56	10
22 61	33
22 66	18
22 69	22
23 3	24
23 6	14
23 8	34
23 10	22
23 13	67
23 14	54
23 21	6
23 22	7
23 23	45
23 25	4
23 28	38
23 29	58
23 30	68
23 33	65
23 34	46
23 36	56
23 37	16
23 38	19
23 39	43
23 42	18
23 43	37
23 46	29
23 48	36
23 51	27
23 55	53
23 56	42
23 61	26
23 62	41
23 64	64
24 1	66
24 2	24
24 4	1
24 5	25
24 6	36
24 8	46
24 10	45
24 11	11
24 17	15
24 21	40
24 22	38
24 29	63
24 33	47
24 35	4
24 39	33
24 41	44
24 42	61
24 45	34
24 46	50
24 48	53
24 49	29
24 51	59
24 52	52
24 53	27
24 56	56
24 61	69
24 62	43
24 63	5
24 66	48
24 68	21
25 0	34
25 1	5
25 9	7
25 10	65
25 12	10
25 13	29
25 16	56
25 18	32
25 19	55
25 27	53
25 29	9
25 30	64
25 31	63
25 32	24
25 33	18
25 34	13
25 37	26
25 38	49
25 41	30
25 42	51
25 45	69
25 47	54
25 50	6
25 51	67
25 53	37
25 54	52
25 55	22
25 59	31
25 66	60
26 4	10
26 9	51
26 10	17
26 18	36
26 23	59
26 26	24
26 27	11
26 34	40
26 36	68
26 43	18
26 53	52
26 54	41
26 57	63
26 58	50
26 60	54
26 65	25
26 66	64
26 68	3
27 0	17
27 6	40
27 8	45
27 11	50
27 12	31
27 14	39
27 16	3
27 18	57
27 19	27
27 26	61
27 29	42
27 32	18
27 35	64
27 37	62
27 38	34
27 39	1
27 47	14
27 49	38
27 51	44
27 53	46
27 57	49
27 61	15
27 64	28
27 65	67
27 67	11
28 6	47
28 7	69
28 11	55
28 12	40
28 16	18
28 21	56
28 27	10
28 34	59
28 35	38
28 37	67
28 38	26
28 39	14
28 40	34
28 42	0
28 44	61
28 48	7
28 49	65
28 50	53
28 57	11
28 58	52
28 62	1
28 63	24
29 0	52
29 4	36
29 8	4
29 10	58
29 11	17
29 15	22
29 17	55
29 20	34
29 21	62
29 25	44
29 26	23
29 27	12
29 28	63
29 32	51
29 33	50
29 34	7
29 36	59
29 38	60
29 39	38
29 40	33
29 41	16
29 42	26
29 44	64
29 47	35
29 56	25
29 57	57
29 58	48
29 59	30
29 60	61
29 61	67
29 62	3
29 66	21
29 68	47
29 69	46
30 0	67
30 3	14
30 5	28
30 6	52
30 16	26
30 17	21
30 22	36
30 23	44
30 24	2
30 26	12
30 29	53
30 38	27
30 40	0
30 47	4
30 48	39
30 56	68
30 58	45
30 62	62
30 64	59
30 65	60
30 68	9
30 69	30
31 0	20
31 1	30
31 2	51
31 3	52
31 11	32
31 12	0
31 14	36
31 16	24
31 17	2
31 18	60
31 20	67
31 22	41
31 23	62
31 25	12
31 26	16
31 28	45
31 33	5
31 36	19
31 38	50
31 43	13
31 49	69
31 50	35
31 55	63
31 59	23
31 60	8
31 61	28
31 68	29
32 2	47
32 5	30
32 9	36
32 10	38
32 11	27
32 14	5
32 17	57
32 19	6
32 26	62
32 30	67
32 31	12
32 35	32
32 36	66
32 40	65
32 41	31
32 42	3
32 43	10
32 46	18
32 48	54
32 49	7
32 50	34
32 52	64
32 53	44
32 58	2
32 59	45
32 63	39
32 67	8
33 4	69
33 5	33
33 6	1
33 7	50
33 10	21
33 13	57
33 16	14
33 18	40
33 22	0
33 24	45
33 26	54
33 30	28
33 31	17
33 36	49
33 37	55
33 40	36
33 41	48
33 45	63
33 48	8
33 50	41
33 52	35
33 53	23
33 54	42
33 57	30
33 60	7
33 62	22
33 64	58
33 66	12
33 67	26
33 68	53
34 0	18
34 1	41
34 3	1
34 4	37
34 8	6
34 10	14
34 14	10
34 15	5
34 18	58
34 19	28
34 20	45
34 24	7
34 26	53
34 29	8
34 34	42
34 35	59
34 37	25
34 43	64
34 44	66
34 45	50
34 46	30
34 48	22
34 50	13
34 55	24
34 61	49
34 62	44
34 65	35
34 68	67
35 3	46
35 5	14
35 8	63
35 11	60
35 13	40
35 16	21
35 17	5
35 18	22
35 19	51
35 20	15
35 22	29
35 23	1
35 25	42
35 29	26
35 30	19
35 32	52
35 34	12
35 35	35
35 36	55
35 43	8
35 44	3
35 46	41
35 47	34
35 49	37
35 53	56
35 57	36
35 60	17
35 61	48
35 62	65
35 64	11
35 66	62
35 68	25
36 0	14
36 4	13
36 5	0
36 8	51
36 14	18
36 15	50
36 20	19
36 25	40
36 27	47
36 28	11
36 31	34
36 34	54
36 36	38
36 40	17
36 41	66
36 45	27
36 48	33
36 51	35
36 52	2
36 55	65
36 58	4
36 67	36
36 69	7
37 0	11
37 1	53
37 7	27
37 9	41
37 13	25
37 15	38
37 18	51
37 20	52
37 22	21
37 23	16
37 24	42
37 25	60
37 28	23
37 29	13
37 30	6
37 32	14
37 34	63
37 35	33
37 37	69
37 41	57
37 43	62
37 44	29
37 51	32
37 55	1
37 56	49
37 59	48
37 62	36
37 66	0
37 67	39
38 1	67
38 3	44
38 5	20
38 9	63
38 11	35
38 15	18
38 16	12
38 18	7
38 19	61
38 23	25
38 25	19
38 26	58
38 27	40
38 28	8
38 29	68
38 30	22
38 31	33
38 34	51
38 39	37
38 42	66
38 43	27
38 45	48
38 47	24
38 48	56
38 49	41
38 52	36
38 53	4
38 55	38
38 56	0
38 58	1
38 60	26
38 62	17
38 63	62
38 64	43
38 66	11
38 68	14
38 69	53
39 1	20
39 4	55
39 5	50
39 13	56
39 14	68
39 19	14
39 20	57
39 23	9
39 24	32
39 25	67
39 27	5
39 30	51
39 31	16
39 32	15
39 33	36
39 35	22
39 38	11
39 46	31
39 48	37
39 50	2
39 52	39
39 53	1
39 57	4
39 58	35
39 60	53
40 1	49
40 3	61
40 9	53
40 10	20
40 12	17
40 17	11
40 22	66
40 24	55
40 32	31
40 34	32
40 35	34
40 36	52
40 37	23
40 40	24
40 45	7
40 46	26
40 48	58
40 54	35
40 58	59
40 59	68
40 60	67
40 67	42
41 6	2
41 7	59
41 10	60
41 14	14
41 15	67
41 16	42
41 17	24
41 20	13
41 22	20
41 23	21
41 34	31
41 39	9
41 43	33
41 44	11
41 46	17
41 47	32
41 49	27
41 52	38
41 53	63
41 60	44
41 62	19
41 64	46
41 69	65
42 2	2
42 3	31
42 4	59
42 5	10
42 7	17
42 8	32
42 10	13
42 12	53
42 14	60
42 18	43
42 19	47
42 21	58
42 22	55
42 25	20
42 26	15
42 29	23
42 34	50
42 37	5
42 38	4
42 39	64
42 40	48
42 44	22
42 45	30
42 46	38
42 47	67
42 48	49
42 50	62
42 53	6
42 57	52
42 58	54
42 59	18
42 61	7
42 62	33
42 65	44
42 66	37
43 3	19
43 4	3
43 7	53
43 10	6
43 14	15
43 20	39
43 26	4
43 28	64
43 29	25
43 45	23
43 46	12
43 48	13
43 54	8
43 56	40
43 58	43
43 63	59
43 64	66
43 65	21
43 66	35
43 68	60
44 8	5
44 17	8
44 18	28
44 22	31
44 24	22
44 27	0
44 29	62
44 31	29
44 34	55
44 36	67
44 37	13
44 40	68
44 41	3
44 42	36
44 44	17
44 45	10
44 48	50
44 49	1
44 50	69
44 51	9
44 52	60
44 56	14
44 58	33
44 66	26
44 67	30
44 68	56
45 3	13
45 7	49
45 8	64
45 9	9
45 10	5
45 15	59
45 19	11
45 21	12
45 23	8
45 25	15
45 28	28
45 29	31
45 30	38
45 32	1
45 39	34
45 40	43
45 46	52
45 49	26
45 55	40
45 56	2
45 57	44
45 62	23
45 63	54
45 65	17
46 7	29
46 9	12
46 15	69
46 18	18
46 24	61
46 28	20
46 30	57
46 32	25
46 33	17
46 36	28
46 38	30
46 39	24
46 42	9
46 49	40
46 54	49
46 56	21
46 57	54
46 66	10
46 67	31
47 1	37
47 2	40
47 5	65
47 6	12
47 7	33
47 8	58
47 9	30
47 10	61
47 23	7
47 28	13
47 31	35
47 32	27
47 34	47
47 38	8
47 39	63
47 42	67
47 44	57
47 46	2
47 51	26
47 57	41
47 58	11
47 66	46
48 0	3
48 2	4
48 5	66
48 6	34
48 8	41
48 9	62
48 11	61
48 12	26
48 15	52
48 16	65
48 17	59
48 18	54
48 21	13
48 22	37
48 26	10
48 29	30
48 31	56
48 32	36
48 33	31
48 35	27
48 37	19
48 40	9
48 41	43
48 46	21
48 51	50
48 52	6
48 55	14
48 56	35
48 57	0
48 59	20
48 60	12
48 63	29
48 66	32
48 67	60
49 1	45
49 3	62
49 4	30
49 5	8
49 9	44
49 10	37
49 11	7
49 12	48
49 13	15
49 15	43
49 16	68
49 17	35
49 18	66
49 20	32
49 21	17
49 23	41
49 24	31
49 25	11
49 28	0
49 30	4
49 32	19
49 33	3
49 42	25
49 44	58
49 45	36
49 48	34
49 52	46
49 54	12
49 58	21
49 59	14
49 63	18
49 64	39
49 66	63
49 69	69
50 0	44
50 2	38
50 3	7
50 6	68
50 8	59
50 9	1
50 13	22
50 15	10
50 16	45
50 17	6
50 18	16
50 23	33
50 24	54
50 25	23
50 26	0
50 30	41
50 31	24
50 33	39
50 39	61
50 40	47
50 41	18
50 43	28
50 44	31
50 46	42
50 47	52
50 53	67
50 56	53
50 57	13
50 60	50
50 61	64
51 0	43
51 6	35
51 7	46
51 8	16
51 11	63
51 13	62
51 14	20
51 15	34
51 22	54
51 23	50
51 24	48
51 25	53
51 26	69
51 27	18
51 28	36
51 30	7
51 32	6
51 33	15
51 35	61
51 36	24
51 37	0
51 40	11
51 42	52
51 45	60
51 46	22
51 49	12
51 52	32
51 54	39
51 55	49
51 57	9
51 58	56
51 59	57
51 60	3
51 62	14
51 65	28
51 67	58
51 68	42
52 2	7
52 3	43
52 6	62
52 9	10
52 10	25
52 13	11
52 14	61
52 15	40
52 18	27
52 19	39
52 21	35
52 27	52
52 28	14
52 30	46
52 31	58
52 32	22
52 33	28
52 45	47
52 51	68
52 53	16
52 56	66
52 61	38
52 67	41
53 0	2
53 1	38
53 3	55
53 4	24
53 7	54
53 19	10
53 21	7
53 22	52
53 23	19
53 24	34
53 25	50
53 27	13
53 29	20
53 36	47
53 37	21
53 40	35
53 45	40
53 47	18
53 51	23
53 54	66
53 57	62
53 58	25
53 60	63
53 65	64
54 1	62
54 3	17
54 6	38
54 9	68
54 10	69
54 17	63
54 18	47
54 19	52
54 20	65
54 25	26
54 28	10
54 32	23
54 34	3
54 36	50
54 39	31
54 42	48
54 44	54
54 46	56
54 47	7
54 48	43
54 49	2
54 52	0
54 54	29
54 60	46
54 61	4
54 64	9
54 65	5
54 66	61
55 0	10
55 1	26
55 2	39
55 3	69
55 8	33
55 13	37
55 14	47
55 15	6
55 16	17
55 18	62
55 21	61
55 23	28
55 25	5
55 26	13
55 29	14
55 34	15
55 35	49
55 38	42
55 41	12
55 43	55
55 45	56
55 46	48
55 47	59
55 54	57
55 55	3
55 57	45
55 62	24
55 63	38
55 64	20
55 65	63
55 66	7
56 0	23
56 3	47
56 5	32
56 6	54
56 10	34
56 13	7
56 15	29
56 16	52
56 19	62
56 22	5
56 23	2
56 28	46
56 30	12
56 32	0
56 33	25
56 39	55
56 42	42
56 43	40
56 44	26
56 45	31
56 48	10
56 51	17
56 52	24
56 53	57
56 54	51
56 58	9
56 60	41
56 61	61
56 63	48
56 64	15
56 67	59
56 68	37
57 0	9
57 1	10
57 2	62
57 3	20
57 4	7
57 6	66
57 11	15
57 13	42
57 16	55
57 21	60
57 29	65
57 36	36
57 37	51
57 38	46
57 40	54
57 43	47
57 45	21
57 46	34
57 48	63
57 50	0
57 52	23
57 53	39
57 57	17
57 58	57
57 60	32
57 61	1
57 62	40
57 68	41
58 1	22
58 2	0
58 4	5
58 6	30
58 7	62
58 8	27
58 10	47
58 16	41
58 18	56
58 24	51
58 25	2
58 31	18
58 32	53
58 34	39
58 35	20
58 37	45
58 39	60
58 40	25
58 41	34
58 43	69
58 48	44
58 49	68
58 50	64
58 54	4
58 55	66
58 58	49
58 61	36
58 62	54
58 63	21
58 64	16
58 66	58
58 69	1
59 1	2
59 4	47
59 5	46
59 9	8
59 10	27
59 14	13
59 17	50
59 24	23
59 25	6
59 30	9
59 32	44
59 33	42
59 39	20
59 40	16
59 44	0
59 48	19
59 49	32
59 51	54
59 53	30
59 54	36
59 56	34
59 58	38
59 61	51
59 66	5
59 68	39
59 69	52
60 4	51
60 5	38
60 9	4
60 12	41
60 13	46
60 20	6
60 21	64
60 24	59
60 27	48
60 28	52
60 30	35
60 31	26
60 34	66
60 37	36
60 38	9
60 40	8
60 41	19
60 43	61
60 44	23
60 47	11
60 49	55
60 50	1
60 52	58
60 53	22
60 54	0
60 57	28
60 61	43
60 63	3
60 64	21
60 66	30
60 67	20
61 1	63
61 2	42
61 3	5
61 4	49
61 7	4
61 9	35
61 13	17
61 14	19
61 19	21
61 21	54
61 23	24
61 24	46
61 26	14
61 28	65
61 30	34
61 32	62
61 34	69
61 39	22
61 41	60
61 42	40
61 44	41
61 46	0
61 49	67
61 52	20
61 53	58
61 54	38
61 56	61
61 57	55
61 59	7
61 61	50
61 63	37
61 66	13
61 67	29
62 1	24
62 3	15
62 4	35
62 9	23
62 10	19
62 11	8
62 12	56
62 14	2
62 16	63
62 20	1
62 21	4
62 24	69
62 25	66
62 26	32
62 27	21
62 34	49
62 39	39
62 41	47
62 42	12
62 44	14
62 46	43
62 50	9
62 51	30
62 56	33
62 59	41
62 60	42
62 61	37
62 62	68
62 65	61
62 67	27
63 1	17
63 3	23
63 5	69
63 14	6
63 15	1
63 18	33
63 21	51
63 22	11
63 25	27
63 27	45
63 32	42
63 33	38
63 35	15
63 36	65
63 37	56
63 38	43
63 39	53
63 40	62
63 43	34
63 45	37
63 47	21
63 54	64
63 57	32
63 61	20
63 63	47
63 65	19
63 68	57
63 69	35
64 3	36
64 6	15
64 7	26
64 10	31
64 13	44
64 14	34
64 18	46
64 21	39
64 22	8
64 24	30
64 26	17
64 36	5
64 37	3
64 40	56
64 44	18
64 51	38
64 54	53
64 55	37
64 59	42
64 60	6
64 61	2
64 62	27
64 67	69
64 68	55
65 1	14
65 5	63
65 6	23
65 8	31
65 13	38
65 14	56
65 15	39
65 17	33
65 20	22
65 21	53
65 26	26
65 28	30
65 31	7
65 33	21
65 34	27
65 36	44
65 37	49
65 40	12
65 41	62
65 44	42
65 47	40
65 48	20
65 50	59
65 52	18
65 57	60
65 63	55
65 69	67
66 1	42
66 4	40
66 5	15
66 9	55
66 12	6
66 13	23
66 15	30
66 16	59
66 17	29
66 18	44
66 19	53
66 20	54
66 21	1
66 24	62
66 27	8
66 28	34
66 29	61
66 33	24
66 34	33
66 36	16
66 42	38
66 45	4
66 49	56
66 50	65
66 53	69
66 54	26
66 56	45
66 57	43
66 62	9
66 64	63
66 65	20
67 5	49
67 6	53
67 7	24
67 8	57
67 10	41
67 12	69
67 13	16
67 22	50
67 25	28
67 29	44
67 30	55
67 31	60
67 33	23
67 38	13
67 40	61
67 44	39
67 45	8
67 47	0
67 54	54
67 56	38
67 59	1
67 60	29
67 62	67
67 63	42
67 67	40
68 1	8
68 2	30
68 3	4
68 4	50
68 6	65
68 12	1
68 15	41
68 16	7
68 21	29
68 22	10
68 24	40
68 26	60
68 27	33
68 30	3
68 31	55
68 32	2
68 39	44
68 42	46
68 47	51
68 54	13
68 55	35
68 63	61
68 64	42
68 65	58
68 66	16
68 69	18
69 2	17
69 4	2
69 5	24
69 6	0
69 8	9
69 10	12
69 11	14
69 12	65
69 16	37
69 17	20
69 20	47
69 21	49
69 22	67
69 26	59
69 29	45
69 30	39
69 34	28
69 35	68
69 36	41
69 37	66
69 39	23
69 40	15
69 45	55
69 46	46
69 47	60
69 48	52
69 49	34
69 50	11
69 53	8
69 54	30
69 55	61
69 59	38
69 62	32
69 63	6
69 64	27
69 68	40
