70
0 0	40
0 1	16
0 2	30
0 5	51
0 6	54
0 7	50
0 8	23
0 10	36
0 11	52
0 12	65
0 13	10
0 14	28
0 19	25
0 20	3
0 22	63
0 23	15
0 24	60
0 25	34
0 26	2
0 27	13
0 29	47
0 30	46
0 31	41
0 32	43
0 35	24
0 40	57
0 44	56
0 45	49
0 47	1
0 48	20
0 49	7
0 50	66
0 51	4
0 54	14
0 56	31
0 58	27
0 61	37
0 63	9
0 65	22
0 68	58
0 69	38
1 3	64
1 4	40
1 5	26
1 7	7
1 8	16
1 12	33
1 13	43
1 14	30
1 17	23
1 19	45
1 20	5
1 21	32
1 22	56
1 25	68
1 26	24
1 28	20
1 29	48
1 30	38
1 31	65
1 34	11
1 36	63
1 37	1
1 38	31
1 39	62
1 40	39
1 42	34
1 43	37
1 45	36
1 47	66
1 48	15
1 49	3
1 51	22
1 53	60
1 54	19
1 58	35
1 59	49
1 61	53
1 62	54
1 65	57
1 66	67
1 67	21
1 68	69
2 0	6
2 2	62
2 3	52
2 4	4
2 5	67
2 6	49
2 8	3
2 10	57
2 11	20
2 12	12
2 13	29
2 15	17
2 17	26
2 19	69
2 20	34
2 23	8
2 24	11
2 30	41
2 31	32
2 33	19
2 34	56
2 35	16
2 36	23
2 38	50
2 41	2
2 43	1
2 44	46
2 45	30
2 46	0
2 47	60
2 48	53
2 49	38
2 51	24
2 55	13
2 56	55
2 57	5
2 58	66
2 60	48
2 61	28
2 62	9
2 63	37
2 66	43
2 67	61
2 69	18
3 0	56
3 2	1
3 4	44
3 6	47
3 8	63
3 9	40
3 11	17
3 14	11
3 17	28
3 19	33
3 20	67
3 21	38
3 22	49
3 23	4
3 27	2
3 28	50
3 29	10
3 32	36
3 34	65
3 37	7
3 38	19
3 41	5
3 42	59
3 46	30
3 50	29
3 52	45
3 53	52
3 55	46
3 56	61
3 57	26
3 60	31
3 62	14
3 63	51
3 64	53
3 66	9
3 67	0
3 69	24
4 0	10
4 1	12
4 3	27
4 4	50
4 5	63
4 6	43
4 8	66
4 10	52
4 11	45
4 14	8
4 15	33
4 18	19
4 19	34
4 20	47
4 21	68
4 22	39
4 23	29
4 24	25
4 27	57
4 29	40
4 32	48
4 35	22
4 37	23
4 41	59
4 45	54
4 46	60
4 48	9
4 49	55
4 51	13
4 52	69
4 55	64
4 57	62
4 59	6
4 60	16
4 62	20
4 64	31
4 66	2
4 67	26
4 69	61
5 1	68
5 2	32
5 3	24
5 4	30
5 5	0
5 7	43
5 8	40
5 10	44
5 11	12
5 12	7
5 13	48
5 15	49
5 17	36
5 19	19
5 22	57
5 23	46
5 26	55
5 29	1
5 32	63
5 33	5
5 34	25
5 35	28
5 36	8
5 38	39
5 40	26
5 41	52
5 42	23
5 43	22
5 44	58
5 45	2
5 47	45
5 48	64
5 51	59
5 57	35
5 59	14
5 60	62
5 64	27
5 65	41
5 67	67
5 68	16
6 2	53
6 3	50
6 4	21
6 7	61
6 8	49
6 9	45
6 11	19
6 12	69
6 13	59
6 14	35
6 16	29
6 18	57
6 19	10
6 20	33
6 23	28
6 24	18
6 25	6
6 26	5
6 27	66
6 28	13
6 29	14
6 30	47
6 31	16
6 32	68
6 33	0
6 34	60
6 35	46
6 37	64
6 38	67
6 40	23
6 43	42
6 44	31
6 46	22
6 47	52
6 48	27
6 49	17
6 51	20
6 52	37
6 54	4
6 55	24
6 57	15
6 58	63
6 59	30
6 60	51
6 61	65
6 62	3
6 64	34
6 65	36
6 66	8
6 67	38
7 1	15
7 2	59
7 7	14
7 9	20
7 11	9
7 12	0
7 13	6
7 14	50
7 16	53
7 20	63
7 21	29
7 22	38
7 25	21
7 26	66
7 27	51
7 29	68
7 30	52
7 31	22
7 32	61
7 33	62
7 34	16
7 38	25
7 40	45
7 42	2
7 43	4
7 44	64
7 45	11
7 46	47
7 48	40
7 49	18
7 50	19
7 51	26
7 53	43
7 55	10
7 56	48
7 58	17
7 59	34
7 60	37
7 64	60
7 67	3
7 68	12
7 69	27
8 1	39
8 2	64
8 4	0
8 5	31
8 7	63
8 8	24
8 9	16
8 12	8
8 13	68
8 15	45
8 19	26
8 20	22
8 21	27
8 23	58
8 26	37
8 27	14
8 28	34
8 29	3
8 30	69
8 31	49
8 33	18
8 34	62
8 37	40
8 39	55
8 41	41
8 44	10
8 45	42
8 46	51
8 47	4
8 48	43
8 49	59
8 50	11
8 53	12
8 54	23
8 56	32
8 58	52
8 59	57
8 60	13
8 61	19
8 65	56
9 0	0
9 2	48
9 3	8
9 4	60
9 5	68
9 8	62
9 12	46
9 13	35
9 14	38
9 16	49
9 18	30
9 19	64
9 20	21
9 22	58
9 23	17
9 25	59
9 26	31
9 27	4
9 29	55
9 30	32
9 31	69
9 33	47
9 35	10
9 36	53
9 37	20
9 38	51
9 39	52
9 40	14
9 41	25
9 42	54
9 43	33
9 44	29
9 45	16
9 49	63
9 52	57
9 53	65
9 57	66
9 58	40
9 59	56
9 61	1
9 62	24
9 63	26
9 65	3
9 68	50
10 0	27
10 3	57
10 4	8
10 5	18
10 6	2
10 7	36
10 8	20
10 9	50
10 10	41
10 15	9
10 17	5
10 20	7
10 22	6
10 23	60
10 25	56
10 27	34
10 29	38
10 30	37
10 31	54
10 32	53
10 35	30
10 37	22
10 40	49
10 42	64
10 43	25
10 46	29
10 47	51
10 49	11
10 52	35
10 53	32
10 55	58
10 57	59
10 60	14
10 61	48
10 65	39
10 67	68
10 68	33
11 0	16
11 1	26
11 3	10
11 4	57
11 5	20
11 6	23
11 7	1
11 9	51
11 10	63
11 13	22
11 14	33
11 15	37
11 17	59
11 18	49
11 19	55
11 22	52
11 24	64
11 25	54
11 26	4
11 27	8
11 28	61
11 29	58
11 30	30
11 31	60
11 32	24
11 35	12
11 36	14
11 37	43
11 38	56
11 39	13
11 40	3
11 41	27
11 42	35
11 43	45
11 44	44
11 45	34
11 46	50
11 48	39
11 49	41
11 50	40
11 51	7
11 52	29
11 53	53
11 55	17
11 57	2
11 58	31
11 59	11
11 61	47
11 62	18
11 66	66
11 67	19
12 1	49
12 2	50
12 4	31
12 5	37
12 6	15
12 10	62
12 11	61
12 12	21
12 14	18
12 15	3
12 20	64
12 23	67
12 24	2
12 28	51
12 29	9
12 30	45
12 31	55
12 32	44
12 33	60
12 34	57
12 35	65
12 39	23
12 41	20
12 42	29
12 43	13
12 48	19
12 49	36
12 52	6
12 53	35
12 54	1
12 55	5
12 57	39
12 59	24
12 60	52
12 61	41
12 62	25
12 66	0
12 67	32
12 68	56
12 69	58
13 0	20
13 1	0
13 3	23
13 5	42
13 6	36
13 9	29
13 10	18
13 11	4
13 12	13
13 13	58
13 14	40
13 17	19
13 19	32
13 20	2
13 21	54
13 23	45
13 25	28
13 26	48
13 27	63
13 28	52
13 29	11
13 30	12
13 31	8
13 33	7
13 35	14
13 39	1
13 40	59
13 42	37
13 44	30
13 45	47
13 49	31
13 52	49
13 53	24
13 54	57
13 55	25
13 58	56
13 59	3
13 61	21
13 63	53
13 64	50
13 66	16
13 67	65
13 69	51
14 1	7
14 4	28
14 5	8
14 6	63
14 7	53
14 13	55
14 14	23
14 15	58
14 16	40
14 17	33
14 18	24
14 19	49
14 20	1
14 23	68
14 24	26
14 25	32
14 26	17
14 27	21
14 29	12
14 30	39
14 32	16
14 33	51
14 34	59
14 35	18
14 38	48
14 39	19
14 45	52
14 46	43
14 48	67
14 51	38
14 52	4
14 53	30
14 54	62
14 56	47
14 58	22
14 61	66
14 62	31
14 65	45
14 66	25
14 67	11
15 0	12
15 1	37
15 3	34
15 4	56
15 6	67
15 7	40
15 8	21
15 10	23
15 12	31
15 17	3
15 19	46
15 20	32
15 21	36
15 24	27
15 25	69
15 27	54
15 29	49
15 30	66
15 31	6
15 32	4
15 34	33
15 35	68
15 36	28
15 37	45
15 38	38
15 40	62
15 41	1
15 42	26
15 43	65
15 45	22
15 46	24
15 47	59
15 48	57
15 50	2
15 51	8
15 52	61
15 55	14
15 56	63
15 58	20
15 60	39
15 61	29
15 66	60
15 69	43
16 0	67
16 1	63
16 2	68
16 3	66
16 4	53
16 7	15
16 8	57
16 9	28
16 11	33
16 12	43
16 16	25
16 18	54
16 20	10
16 21	42
16 22	17
16 23	59
16 26	56
16 27	40
16 28	27
16 31	0
16 32	46
16 36	39
16 40	69
16 43	55
16 44	47
16 46	52
16 50	22
16 51	51
16 52	26
16 54	60
16 56	6
16 60	12
16 62	36
16 63	23
16 66	62
16 67	8
16 68	35
16 69	29
17 0	22
17 2	7
17 3	15
17 4	18
17 5	54
17 6	52
17 7	28
17 9	66
17 12	62
17 14	49
17 15	19
17 16	42
17 18	35
17 19	1
17 21	59
17 24	51
17 25	20
17 27	24
17 28	44
17 29	34
17 31	4
17 32	26
17 33	68
17 35	11
17 36	58
17 37	33
17 39	56
17 42	8
17 43	5
17 44	67
17 46	25
17 47	32
17 48	2
17 49	6
17 51	69
17 54	10
17 55	38
17 57	41
17 58	50
17 59	21
17 61	60
17 63	29
17 65	61
17 66	31
17 67	27
18 0	18
18 1	45
18 2	4
18 3	20
18 5	48
18 6	14
18 7	51
18 8	19
18 10	16
18 11	24
18 12	34
18 14	54
18 15	66
18 16	23
18 20	25
18 21	53
18 23	5
18 24	10
18 25	15
18 26	12
18 29	22
18 31	58
18 32	64
18 34	3
18 36	46
18 37	28
18 38	30
18 39	50
18 40	60
18 42	21
18 46	41
18 47	2
18 48	49
18 49	13
18 50	17
18 51	35
18 54	31
18 55	9
18 56	37
18 57	65
18 59	33
18 61	39
18 62	27
18 64	52
18 65	38
18 66	56
18 67	57
18 69	44
19 0	9
19 3	58
19 4	69
19 5	66
19 6	44
19 7	19
19 9	6
19 10	60
19 13	49
19 14	24
19 15	41
19 17	35
19 18	18
19 19	3
19 21	30
19 23	12
19 25	23
19 26	52
19 28	39
19 29	65
19 30	28
19 31	15
19 32	13
19 33	55
19 34	32
19 36	4
19 37	62
19 42	56
19 43	29
19 46	48
19 47	25
19 48	1
19 50	21
19 52	53
19 53	7
19 55	27
19 57	63
19 58	26
19 59	36
19 63	2
19 64	5
19 68	67
19 69	59
20 0	14
20 1	13
20 5	53
20 6	66
20 8	67
20 10	61
20 11	56
20 12	47
20 14	0
20 15	44
20 16	41
20 17	46
20 18	5
20 19	11
20 21	24
20 24	57
20 26	35
20 27	32
20 29	45
20 31	19
20 32	22
20 34	55
20 36	6
20 37	9
20 44	50
20 45	27
20 46	10
20 47	12
20 48	8
20 49	26
20 51	31
20 52	60
20 53	34
20 54	39
20 55	29
20 56	23
20 58	43
20 59	68
20 60	40
20 61	7
20 64	1
20 65	33
20 66	65
20 67	4
20 68	30
20 69	48
21 1	14
21 5	7
21 7	0
21 8	32
21 10	56
21 12	23
21 13	3
21 16	62
21 17	18
21 19	4
21 21	6
21 26	41
21 27	30
21 28	57
21 30	24
21 32	35
21 34	12
21 35	2
21 36	38
21 37	60
21 38	5
21 40	8
21 41	49
21 44	34
21 45	19
21 46	13
21 47	54
21 50	63
21 51	66
21 53	69
21 56	65
21 58	37
21 59	67
21 60	15
21 61	22
21 62	10
21 63	64
21 64	16
21 65	31
22 2	39
22 3	9
22 5	1
22 7	45
22 8	17
22 9	64
22 10	67
22 12	42
22 13	2
22 14	32
22 17	63
22 19	56
22 20	16
22 21	61
22 22	65
22 26	13
22 27	27
22 28	26
22 29	62
22 31	28
22 33	41
22 34	7
22 35	0
22 36	48
22 37	68
22 39	4
22 40	55
22 41	51
22 42	19
22 43	47
22 44	12
22 45	21
22 46	23
22 48	46
22 49	33
22 50	34
22 55	31
22 57	3
22 64	15
22 65	43
22 68	54
23 1	28
23 2	49
23 3	45
23 4	32
23 6	16
23 7	39
23 9	30
23 10	29
23 11	26
23 14	48
23 15	25
23 18	0
23 20	60
23 21	52
23 23	11
23 24	47
23 25	55
23 27	41
23 28	3
23 29	61
23 30	56
23 33	58
23 34	68
23 35	42
23 36	34
23 38	22
23 39	20
23 41	9
23 43	44
23 44	33
23 48	38
23 54	5
23 55	54
23 56	53
23 57	69
23 59	2
23 60	65
23 62	50
23 63	19
23 64	21
23 67	6
23 69	57
24 0	57
24 2	23
24 3	42
24 4	12
24 5	61
24 6	8
24 7	33
24 8	34
24 9	19
24 10	30
24 11	6
24 14	67
24 15	36
24 16	51
24 21	62
24 24	54
24 25	24
24 27	43
24 28	58
24 31	47
24 33	10
24 34	4
24 35	27
24 36	15
24 38	46
24 41	14
24 42	39
24 43	66
24 45	28
24 46	18
24 47	31
24 49	50
24 51	37
24 52	64
24 53	68
24 55	11
24 56	44
24 59	38
24 61	69
24 62	29
24 65	55
24 66	35
24 67	1
24 68	2
24 69	45
25 0	55
25 1	56
25 2	43
25 3	22
25 4	9
25 5	27
25 7	10
25 8	8
25 9	58
25 10	33
25 11	23
25 13	42
25 15	31
25 16	57
25 18	3
25 20	40
25 21	12
25 23	34
25 24	69
25 26	36
25 30	35
25 31	11
25 32	59
25 33	50
25 37	46
25 38	18
25 39	29
25 40	68
25 42	32
25 43	24
25 45	13
25 46	19
25 47	53
25 49	39
25 50	67
25 52	48
25 53	2
25 54	63
25 55	26
25 56	16
25 57	49
25 59	62
25 60	28
25 61	14
25 65	7
25 66	51
25 67	66
25 68	64
25 69	21
26 1	1
26 3	60
26 5	38
26 7	24
26 8	11
26 9	68
26 10	14
26 12	63
26 13	27
26 14	42
26 16	55
26 17	40
26 18	44
26 19	29
26 20	19
26 21	5
26 23	47
26 24	16
26 26	10
26 29	59
26 30	2
26 32	41
26 33	67
26 34	22
26 35	64
26 36	31
26 38	65
26 39	57
26 41	12
26 43	26
26 44	39
26 45	6
26 46	37
26 47	36
26 49	48
26 51	23
26 52	56
26 54	32
26 55	3
26 57	25
26 58	33
26 60	21
26 61	20
26 62	52
26 63	30
26 65	15
26 67	7
26 68	49
26 69	17
27 1	17
27 3	29
27 5	55
27 6	1
27 7	46
27 8	47
27 9	22
27 11	68
27 12	60
27 13	52
27 14	63
27 17	13
27 19	35
27 20	24
27 21	11
27 23	51
27 24	32
27 31	33
27 33	31
27 34	34
27 36	27
27 37	16
27 38	10
27 39	53
27 40	48
27 41	43
27 42	42
27 43	12
27 45	64
27 46	69
27 48	6
27 50	58
27 53	18
27 54	61
27 56	2
27 58	30
27 60	59
27 61	15
27 62	8
27 63	66
27 64	57
27 65	67
27 66	7
27 68	3
28 0	24
28 2	58
28 3	38
28 4	27
28 5	25
28 7	55
28 8	14
28 9	49
28 11	18
28 12	5
28 13	46
28 14	10
28 15	39
28 16	0
28 18	9
28 19	20
28 22	4
28 23	19
28 26	60
28 29	32
28 30	57
28 33	44
28 35	3
28 38	1
28 42	65
28 44	16
28 45	12
28 46	45
28 47	43
28 48	23
28 50	30
28 52	7
28 55	50
28 56	59
28 57	22
28 58	69
28 59	41
28 62	56
28 63	68
28 64	11
28 65	37
28 66	61
28 69	36
29 4	22
29 6	29
29 7	13
29 9	39
29 10	26
29 11	57
29 12	48
29 14	58
29 15	10
29 16	5
29 19	42
29 20	18
29 21	49
29 23	65
29 25	1
29 26	61
29 27	0
29 29	31
29 30	16
29 33	27
29 34	2
29 35	32
29 36	69
29 37	8
29 40	64
29 41	68
29 42	53
29 43	56
29 45	66
29 46	4
29 47	17
29 50	33
29 51	14
29 55	28
29 57	55
29 58	44
29 60	54
29 62	11
29 63	15
29 64	67
29 67	24
29 68	25
29 69	7
30 2	25
30 3	40
30 4	47
30 6	6
30 8	44
30 9	61
30 12	66
30 13	64
30 15	52
30 16	56
30 17	49
30 18	39
30 19	50
30 22	11
30 24	48
30 26	68
30 28	60
30 29	33
30 30	19
30 31	14
30 33	54
30 34	35
30 38	0
30 39	36
30 40	7
30 41	24
30 42	38
30 43	2
30 47	63
30 48	21
30 49	27
30 50	23
30 52	59
30 53	42
30 54	34
30 55	22
30 56	69
30 57	51
30 61	9
30 65	58
30 66	55
30 67	15
30 69	67
31 2	6
31 3	28
31 6	27
31 7	18
31 8	38
31 12	55
31 16	22
31 17	41
31 18	40
31 23	69
31 24	50
31 28	16
31 29	60
31 31	56
31 32	1
31 35	52
31 37	42
31 38	7
31 40	20
31 41	61
31 44	36
31 48	35
31 49	30
31 51	17
31 54	29
31 57	47
31 59	31
31 63	44
31 65	53
31 66	10
31 67	64
31 68	37
31 69	25
32 0	21
32 1	52
32 3	32
32 6	26
32 10	15
32 14	46
32 15	1
32 20	9
32 21	4
32 24	53
32 25	43
32 26	38
32 28	66
32 30	55
32 31	34
32 35	54
32 36	50
32 37	65
32 40	27
32 43	68
32 47	20
32 48	60
32 49	35
32 50	25
32 51	42
32 52	18
32 53	13
32 55	62
32 56	7
32 57	29
32 58	36
32 59	12
32 60	11
32 61	31
32 63	24
32 65	59
32 66	33
32 67	40
33 4	58
33 6	65
33 8	2
33 12	29
33 13	14
33 18	68
33 19	8
33 20	38
33 21	25
33 22	21
33 25	63
33 26	6
33 28	19
33 29	50
33 30	60
33 31	18
33 32	23
33 35	17
33 36	67
33 37	66
33 38	55
33 40	40
33 41	22
33 42	48
33 43	28
33 44	43
33 45	45
33 46	34
33 47	44
33 48	62
33 55	51
33 56	49
33 57	12
33 58	0
33 59	64
33 60	7
33 61	61
33 65	32
33 67	33
33 68	53
33 69	13
34 1	54
34 2	26
34 3	35
34 4	13
34 6	25
34 7	4
34 8	45
34 10	38
34 15	53
34 18	1
34 19	5
34 20	31
34 21	3
34 22	20
34 26	15
34 28	37
34 29	69
34 30	68
34 31	44
34 33	56
34 37	6
34 38	64
34 40	65
34 46	7
34 48	42
34 49	34
34 51	47
34 52	19
34 53	57
34 54	24
34 55	67
34 56	66
34 59	9
34 60	33
34 62	55
34 63	0
34 64	10
34 65	14
34 66	27
34 67	48
34 68	63
35 0	32
35 1	50
35 5	49
35 6	10
35 7	3
35 8	39
35 11	27
35 13	28
35 15	56
35 16	2
35 17	57
35 22	43
35 23	37
35 24	55
35 25	16
35 28	29
35 31	12
35 32	51
35 33	23
35 34	18
35 37	17
35 38	8
35 39	5
35 40	35
35 43	60
35 44	21
35 45	15
35 46	36
35 47	47
35 50	64
35 52	62
35 55	40
35 56	26
35 58	25
35 59	63
35 61	42
35 63	11
35 64	30
35 65	65
35 67	41
36 1	60
36 4	5
36 6	33
36 7	52
36 8	65
36 9	27
36 10	10
36 11	30
36 13	54
36 14	55
36 15	63
36 16	32
36 18	38
36 19	66
36 20	44
36 21	16
36 22	42
36 26	34
36 27	28
36 28	14
36 29	23
36 31	45
36 34	20
36 35	31
36 36	62
36 37	37
36 38	3
36 39	69
36 41	8
36 43	58
36 45	0
36 46	11
36 47	41
36 48	51
36 49	49
36 50	61
36 51	39
36 52	50
36 56	36
36 58	7
36 59	48
36 61	4
36 63	67
36 64	47
36 66	12
37 0	49
37 2	67
37 4	46
37 6	30
37 7	47
37 8	60
37 9	48
37 10	27
37 14	15
37 17	39
37 19	68
37 20	29
37 21	63
37 23	32
37 24	4
37 25	8
37 27	62
37 28	36
37 29	17
37 32	66
37 34	24
37 36	21
37 37	56
37 38	45
37 39	61
37 40	12
37 41	65
37 43	69
37 44	55
37 47	0
37 48	31
37 49	37
37 51	44
37 52	38
37 53	23
37 54	28
37 55	57
37 56	22
37 57	18
37 58	42
37 59	59
37 60	34
37 62	2
37 63	3
37 66	11
37 67	35
37 68	5
38 0	61
38 3	68
38 4	34
38 6	50
38 7	6
38 8	26
38 10	64
38 11	66
38 13	25
38 14	5
38 15	43
38 16	18
38 17	38
38 18	63
38 20	12
38 21	31
38 22	33
38 26	53
38 27	11
38 28	46
38 30	7
38 31	21
38 35	23
38 38	27
38 39	42
38 41	69
38 45	4
38 47	37
38 49	2
38 50	48
38 51	30
38 53	0
38 54	54
38 55	49
38 56	35
38 58	32
38 59	17
38 61	56
38 62	51
38 66	39
38 67	44
38 68	52
38 69	41
39 0	8
39 1	32
39 2	61
39 3	26
39 4	65
39 6	41
39 8	18
39 9	23
39 13	40
39 20	30
39 23	62
39 25	67
39 27	42
39 36	52
39 40	28
39 41	29
39 42	16
39 43	49
39 44	66
39 47	24
39 49	15
39 51	57
39 53	22
39 54	55
39 55	4
39 57	43
39 60	38
39 61	36
39 62	33
39 64	17
39 67	2
39 68	45
39 69	1
40 1	24
40 8	30
40 9	1
40 10	11
40 11	55
40 13	41
40 14	45
40 15	64
40 20	14
40 21	21
40 23	39
40 24	68
40 28	10
40 29	46
40 30	51
40 32	0
40 34	47
40 35	69
40 36	7
40 38	43
40 39	32
40 40	6
40 41	38
40 42	36
40 43	8
40 45	58
40 46	53
40 48	33
40 49	60
40 50	50
40 51	67
40 57	31
40 58	57
40 60	61
40 61	16
40 62	44
40 63	22
40 65	18
40 66	49
40 67	37
40 69	19
41 0	30
41 1	62
41 2	28
41 3	16
41 6	34
41 7	65
41 9	37
41 10	3
41 11	43
41 13	60
41 14	69
41 15	61
41 16	8
41 17	17
41 18	45
41 19	31
41 20	36
41 21	19
41 22	51
41 23	27
41 25	22
41 27	48
41 28	2
41 29	13
41 30	10
41 33	53
41 35	38
41 38	29
41 39	14
41 40	24
41 41	66
41 44	11
41 46	15
41 48	26
41 49	42
41 51	5
41 52	52
41 53	46
41 54	58
41 55	56
41 57	21
41 59	55
41 60	9
41 61	44
41 69	39
42 0	2
42 1	40
42 2	60
42 3	12
42 4	63
42 8	64
42 11	29
42 12	19
42 14	56
42 19	48
42 20	42
42 23	7
42 24	22
42 27	35
42 28	8
42 30	6
42 33	69
42 34	30
42 35	66
42 42	10
42 44	18
42 45	20
42 47	61
42 48	37
42 49	5
42 50	15
42 51	9
42 53	51
42 54	36
42 56	28
42 57	34
42 58	41
42 59	13
42 62	38
42 64	33
42 65	47
42 68	14
42 69	16
43 0	39
43 3	46
43 6	62
43 7	16
43 10	31
43 12	9
43 13	57
43 15	35
43 16	26
43 17	20
43 19	65
43 24	21
43 26	7
43 28	12
43 30	8
43 32	28
43 33	33
43 34	67
43 36	0
43 37	69
43 39	38
43 40	13
43 41	40
43 43	61
43 45	24
43 47	30
43 51	49
43 53	45
43 54	37
43 58	11
43 59	52
43 64	68
43 65	1
43 66	47
43 68	55
43 69	6
44 1	34
44 4	52
44 5	2
44 6	64
44 9	13
44 11	28
44 12	61
44 13	23
44 15	21
44 16	37
44 19	27
44 20	0
44 21	22
44 22	54
44 24	66
44 25	62
44 27	46
44 28	31
44 30	4
44 34	36
44 36	45
44 37	63
44 38	9
44 39	33
44 40	56
44 41	48
44 42	51
44 44	7
44 46	32
44 48	5
44 49	44
44 50	65
44 51	18
44 52	58
44 55	1
44 56	68
44 57	24
44 58	6
44 59	40
44 60	25
44 62	43
44 63	69
44 65	26
44 66	59
45 0	29
45 3	11
45 4	15
45 6	3
45 7	22
45 8	33
45 9	52
45 12	14
45 13	31
45 14	20
45 15	65
45 16	48
45 17	51
45 18	53
45 20	61
45 21	43
45 25	42
45 26	57
45 27	67
45 29	24
45 31	26
45 32	58
45 34	69
45 36	37
45 38	68
45 39	39
45 40	63
45 42	27
45 44	0
45 45	17
45 46	28
45 47	55
45 50	8
45 51	50
45 52	30
45 54	25
45 56	18
45 57	23
45 60	44
45 62	49
45 63	1
45 64	2
45 65	19
45 66	54
46 3	6
46 4	14
46 7	11
46 8	58
46 9	57
46 12	44
46 13	56
46 14	27
46 16	10
46 17	9
46 18	62
46 20	39
46 21	65
46 26	16
46 27	5
46 29	28
46 30	13
46 32	20
46 33	61
46 34	19
46 35	67
46 41	18
46 42	60
46 45	68
46 48	63
46 50	35
46 52	32
46 59	54
46 60	50
46 63	45
46 65	34
46 68	42
46 69	52
47 1	30
47 3	44
47 4	17
47 5	40
47 7	21
47 8	59
47 9	56
47 12	53
47 13	15
47 14	3
47 15	4
47 16	64
47 20	6
47 21	8
47 22	19
47 23	1
47 26	65
47 27	39
47 28	33
47 29	41
47 30	34
47 31	5
47 33	36
47 35	25
47 36	55
47 38	54
47 41	11
47 42	50
47 44	2
47 45	60
47 46	46
47 47	49
47 50	24
47 54	69
47 57	14
47 58	12
47 59	29
47 60	43
47 61	45
47 62	42
47 63	32
47 64	13
47 66	18
47 69	23
48 1	25
48 2	11
48 3	7
48 6	37
48 7	38
48 8	1
48 9	35
48 10	4
48 12	22
48 13	61
48 14	26
48 15	30
48 19	16
48 20	54
48 22	24
48 23	42
48 25	0
48 26	29
48 29	56
48 31	13
48 32	62
48 33	39
48 34	6
48 35	50
48 37	53
48 41	33
48 42	63
48 44	32
48 46	14
48 47	19
48 48	52
48 50	46
48 52	12
48 54	44
48 55	18
48 56	58
48 57	57
48 59	27
48 60	47
48 61	3
48 63	55
48 64	43
48 66	48
49 0	53
49 1	51
49 2	46
49 6	32
49 7	34
49 8	12
49 9	55
49 10	21
49 11	13
49 13	16
49 14	39
49 15	47
49 16	59
49 17	1
49 19	24
49 20	48
49 21	20
49 23	22
49 24	3
49 25	31
49 28	67
49 30	17
49 31	27
49 33	4
49 35	35
49 37	25
49 38	60
49 39	63
49 41	26
49 43	40
49 46	49
49 48	7
49 53	38
49 54	52
49 55	15
49 57	37
49 58	54
49 60	19
49 61	68
49 63	50
49 64	0
49 65	44
49 66	42
49 67	45
50 3	31
50 4	64
50 5	41
50 11	37
50 12	49
50 13	66
50 14	44
50 18	55
50 19	6
50 21	10
50 22	35
50 23	23
50 26	42
50 27	7
50 29	0
50 30	67
50 32	34
50 33	30
50 34	21
50 38	14
50 39	25
50 42	62
50 44	27
50 46	65
50 48	54
50 49	24
50 50	69
50 51	16
50 53	1
50 54	9
50 56	13
50 57	40
50 59	39
50 60	26
50 63	57
50 64	3
50 67	56
50 68	38
50 69	53
51 0	54
51 1	29
51 2	31
51 3	30
51 6	19
51 8	68
51 9	9
51 10	45
51 11	36
51 12	41
51 15	60
51 16	14
51 17	0
51 18	46
51 19	51
51 20	53
51 21	1
51 22	3
51 23	55
51 24	12
51 26	18
51 27	50
51 29	26
51 31	10
51 32	42
51 34	38
51 35	15
51 36	25
51 37	24
51 39	7
51 40	11
51 41	44
51 43	48
51 45	56
51 46	5
51 48	65
51 49	8
51 52	43
51 53	58
51 54	67
51 55	34
51 57	20
51 58	61
51 60	49
51 61	33
51 62	40
51 64	39
51 66	37
51 68	21
51 69	4
52 3	56
52 5	64
52 6	59
52 7	62
52 8	36
52 9	44
52 10	12
52 11	67
52 12	58
52 13	38
52 15	16
52 17	25
52 18	66
52 19	2
52 20	8
52 21	0
52 23	41
52 24	49
52 25	3
52 26	46
52 27	61
52 28	24
52 29	57
52 30	22
52 31	7
52 32	39
52 33	40
52 34	17
52 36	33
52 40	47
52 41	35
52 42	5
52 44	37
52 47	27
52 48	55
52 49	1
52 50	31
52 51	65
52 53	6
52 55	32
52 57	45
52 58	13
52 63	20
52 66	50
53 0	62
53 3	61
53 4	33
53 5	30
53 9	26
53 11	11
53 12	50
53 13	19
53 14	43
53 17	6
53 25	49
53 26	44
53 27	23
53 30	31
53 32	29
53 35	8
53 38	21
53 43	3
53 45	67
53 47	46
53 49	53
53 50	20
53 53	63
53 56	10
53 58	55
53 59	1
53 60	0
53 61	34
53 62	57
53 64	18
53 65	2
53 66	4
53 67	22
53 68	13
53 69	32
54 0	60
54 2	38
54 3	1
54 4	10
54 6	24
54 8	56
54 9	32
54 10	42
54 12	51
54 13	5
54 14	17
54 15	68
54 17	52
54 19	41
54 21	67
54 22	36
54 25	29
54 26	25
54 27	65
54 28	53
54 29	66
54 32	37
54 33	45
54 34	44
54 38	13
54 43	30
54 44	22
54 46	3
54 47	26
54 51	11
54 52	31
54 54	12
54 55	33
54 58	15
54 60	27
54 61	59
54 62	39
54 64	8
54 65	23
54 66	57
54 67	9
55 1	53
55 2	44
55 4	49
55 5	16
55 7	69
55 8	27
55 10	8
55 11	50
55 12	2
55 14	31
55 15	48
55 18	21
55 20	59
55 21	28
55 22	32
55 24	14
55 25	33
55 27	55
55 28	56
55 29	35
55 30	26
55 32	54
55 34	52
55 35	60
55 37	3
55 38	37
55 39	12
55 40	0
55 42	47
55 43	9
55 44	61
55 45	1
55 46	38
55 47	58
55 48	36
55 49	68
55 50	45
55 52	63
55 54	51
55 55	41
55 56	20
55 60	23
55 61	5
55 63	39
55 64	46
55 66	15
55 69	40
56 0	33
56 1	6
56 4	20
56 7	37
56 8	25
56 9	10
56 10	65
56 12	40
56 14	1
56 18	64
56 19	61
56 20	23
56 21	47
56 22	15
56 23	66
56 25	57
56 33	3
56 34	27
56 35	49
56 36	18
56 37	4
56 38	34
56 39	46
56 40	52
56 41	55
56 43	35
56 44	19
56 45	69
56 47	29
56 48	12
56 50	68
56 51	62
56 52	2
56 53	5
56 54	41
56 55	39
56 56	24
56 57	58
56 61	67
56 62	7
56 63	48
56 68	32
57 1	33
57 3	59
57 4	42
57 5	44
57 7	48
57 10	51
57 11	31
57 14	37
57 17	60
57 18	16
57 19	18
57 20	56
57 22	22
57 23	61
57 25	35
57 28	32
57 29	63
57 30	49
57 31	38
57 32	12
57 33	65
57 34	9
57 35	53
57 38	47
57 39	41
57 40	29
57 41	58
57 43	27
57 46	26
57 47	28
57 48	45
57 50	3
57 52	14
57 53	62
57 54	68
57 55	69
57 57	6
57 58	4
57 59	20
57 62	13
57 64	19
57 65	50
57 67	52
57 69	66
58 0	3
58 2	51
58 4	45
58 6	4
58 8	6
58 9	54
58 11	39
58 12	18
58 14	29
58 15	24
58 16	11
58 17	34
58 18	22
58 19	28
58 20	26
58 24	15
58 25	25
58 26	30
58 29	36
58 30	5
58 31	67
58 32	31
58 39	49
58 40	66
58 41	37
58 42	41
58 44	63
58 47	64
58 48	13
58 51	55
58 52	47
58 53	20
58 57	46
58 58	8
58 60	58
58 62	61
58 63	52
58 64	59
58 68	7
59 0	31
59 1	66
59 2	27
59 5	65
59 6	69
59 10	7
59 11	38
59 13	0
59 17	50
59 20	41
59 21	13
59 23	20
59 24	46
59 25	10
59 26	23
59 29	67
59 30	58
59 31	9
59 35	26
59 37	12
59 39	2
59 40	44
59 41	53
59 43	32
59 48	34
59 49	25
59 50	37
59 51	40
59 52	39
59 53	54
59 54	21
59 57	28
59 58	45
59 59	22
59 62	47
59 67	29
59 68	6
59 69	64
60 2	5
60 3	4
60 5	57
60 6	17
60 7	30
60 8	31
60 11	32
60 14	7
60 15	42
60 17	37
60 18	26
60 21	64
60 22	46
60 26	51
60 27	69
60 28	25
60 29	15
60 30	59
60 31	20
60 33	49
60 35	55
60 36	43
60 38	61
60 40	21
60 42	14
60 43	6
60 45	65
60 46	16
60 47	8
60 49	40
60 52	1
60 53	48
60 54	0
60 57	36
60 61	24
60 62	45
60 63	47
60 64	44
60 65	9
60 66	52
60 67	34
61 1	22
61 2	34
61 3	18
61 7	66
61 9	12
61 11	25
61 12	1
61 13	30
61 14	57
61 16	36
61 17	31
61 18	56
61 19	63
61 20	28
61 22	59
61 23	49
61 25	38
61 26	50
61 29	7
61 30	33
61 32	14
61 34	43
61 36	64
61 38	41
61 44	9
61 47	42
61 48	32
61 53	27
61 54	6
61 56	54
61 57	16
61 58	23
61 60	24
61 61	52
61 63	65
61 66	40
61 69	55
62 2	45
62 4	62
62 5	14
62 6	42
62 7	58
62 8	0
62 9	33
62 12	27
62 13	17
62 14	2
62 15	54
62 16	43
62 17	66
62 18	20
62 21	41
62 24	59
62 25	18
62 26	40
62 34	48
62 35	57
62 36	26
62 38	6
62 39	34
62 40	19
62 43	38
62 45	9
62 46	44
62 47	35
62 48	11
62 52	22
62 54	8
62 55	63
62 56	4
62 59	7
62 61	12
62 62	46
62 64	24
62 66	13
62 67	69
62 68	60
63 1	18
63 2	52
63 3	39
63 4	24
63 5	5
63 6	61
63 7	31
63 8	42
63 11	3
63 12	28
63 13	8
63 14	34
63 15	50
63 16	45
63 17	58
63 18	7
63 21	35
63 22	30
63 23	33
63 24	65
63 25	47
63 27	6
63 28	23
63 31	51
63 35	13
63 38	26
63 39	43
63 40	10
63 42	67
63 43	46
63 44	25
63 45	32
63 46	12
63 47	56
63 49	62
63 50	59
63 52	11
63 58	38
63 59	4
63 60	66
63 61	2
63 62	63
63 63	16
63 64	14
63 65	20
63 67	53
63 68	68
64 0	66
64 1	20
64 3	13
64 4	39
64 5	62
64 7	26
64 9	34
64 11	35
64 13	9
64 14	53
64 17	24
64 18	32
64 20	69
64 22	31
64 24	23
64 25	61
64 26	33
64 30	65
64 31	36
64 32	38
64 33	11
64 35	19
64 36	44
64 37	14
64 38	12
64 39	60
64 41	46
64 43	43
64 45	59
64 46	27
64 47	57
64 48	56
64 49	21
64 50	52
64 53	55
64 54	18
64 55	30
64 56	45
64 57	42
64 58	2
64 62	58
64 63	63
64 66	3
64 69	22
65 0	52
65 1	65
65 3	33
65 4	23
65 6	5
65 7	29
65 9	8
65 11	1
65 13	24
65 14	25
65 15	2
65 16	3
65 17	7
65 21	39
65 23	18
65 24	41
65 27	56
65 29	51
65 30	14
65 31	57
65 32	67
65 33	59
65 34	53
65 35	6
65 36	36
65 37	13
65 38	63
65 39	9
65 40	15
65 41	50
65 42	4
65 44	42
65 47	69
65 49	12
65 53	49
65 57	27
65 58	68
65 59	47
65 61	64
65 63	58
65 65	54
65 67	20
65 68	61
66 0	47
66 2	16
66 3	37
66 5	52
66 6	13
66 11	8
66 13	51
66 14	59
66 15	6
66 16	9
66 17	45
66 18	28
66 19	39
66 20	46
66 21	40
66 22	2
66 23	30
66 27	10
66 28	68
66 29	20
66 32	7
66 33	63
66 43	17
66 44	53
66 46	67
66 47	22
66 50	1
66 52	65
66 53	11
66 54	35
66 55	44
66 56	3
66 57	33
66 58	5
66 59	60
66 60	18
66 61	50
66 62	66
66 64	69
66 65	42
66 67	49
66 68	0
66 69	56
67 0	51
67 3	2
67 5	4
67 8	55
67 9	31
67 11	60
67 13	47
67 14	12
67 17	22
67 18	33
67 19	53
67 20	43
67 22	40
67 23	56
67 25	7
67 27	18
67 28	49
67 29	39
67 33	6
67 34	41
67 36	42
67 38	23
67 40	50
67 42	11
67 47	5
67 49	52
67 51	45
67 52	67
67 53	10
67 54	48
67 56	15
67 60	17
67 61	32
67 62	62
67 63	13
67 64	28
67 67	58
68 1	67
68 7	56
68 9	11
68 11	2
68 12	52
68 15	7
68 16	65
68 17	68
68 18	13
68 19	17
68 20	45
68 23	54
68 24	44
68 27	60
68 28	0
68 29	29
68 31	39
68 34	63
68 35	4
68 38	62
68 39	37
68 41	47
68 42	24
68 43	19
68 44	49
68 45	26
68 48	61
68 49	23
68 50	6
68 51	48
68 52	41
68 54	20
68 55	59
68 58	16
68 59	50
68 60	46
68 61	35
68 62	12
68 63	14
68 65	27
68 67	31
68 68	43
68 69	8
69 0	64
69 3	67
69 4	26
69 5	50
69 6	45
69 9	59
69 10	58
69 11	46
69 13	37
69 14	9
69 16	4
69 17	27
69 19	36
69 21	18
69 22	34
69 24	43
69 25	19
69 26	39
69 28	55
69 30	53
69 31	35
69 32	30
69 33	32
69 34	15
69 38	66
69 40	31
69 42	69
69 43	7
69 45	57
69 46	61
69 47	38
69 49	54
69 52	40
69 53	44
69 54	49
69 55	8
69 57	17
69 58	47
69 61	13
69 62	16
69 66	1
69 69	3
