70
0 0	48
0 2	46
0 4	22
0 5	53
0 6	52
0 8	35
0 11	17
0 12	6
0 13	21
0 14	49
0 15	24
0 16	66
0 18	47
0 20	10
0 23	12
0 25	27
0 28	54
0 30	65
0 31	56
0 32	3
0 33	38
0 34	19
0 36	29
0 37	67
0 38	2
0 39	37
0 41	9
0 42	69
0 45	15
0 46	32
0 47	60
0 48	43
0 49	64
0 50	51
0 51	11
0 53	8
0 54	36
0 55	18
0 56	30
0 57	4
0 58	42
0 59	13
0 60	23
0 61	39
0 62	45
0 63	59
0 64	28
0 65	33
0 66	26
0 68	63
0 69	34
1 0	40
1 1	49
1 2	56
1 3	30
1 4	66
1 5	58
1 6	0
1 8	44
1 10	4
1 11	13
1 12	32
1 13	43
1 15	19
1 17	2
1 18	68
1 19	35
1 21	18
1 22	46
1 23	62
1 25	21
1 26	54
1 27	11
1 28	69
1 29	16
1 32	65
1 34	23
1 35	10
1 36	67
1 37	42
1 38	55
1 39	29
1 40	48
1 41	59
1 44	22
1 45	7
1 46	47
1 47	38
1 49	39
1 50	50
1 51	5
1 52	34
1 53	36
1 54	53
1 55	64
1 56	1
1 57	37
1 58	51
1 59	12
1 60	41
1 61	26
1 63	45
1 64	24
1 65	14
1 66	3
1 67	52
2 0	24
2 1	29
2 2	7
2 3	40
2 4	23
2 5	35
2 6	66
2 7	68
2 8	42
2 10	18
2 11	45
2 13	58
2 14	11
2 15	28
2 17	4
2 19	64
2 20	37
2 21	20
2 22	67
2 23	8
2 24	54
2 26	12
2 27	16
2 28	32
2 29	22
2 30	62
2 32	2
2 33	1
2 34	25
2 35	49
2 38	41
2 40	65
2 41	3
2 42	36
2 43	15
2 45	27
2 46	57
2 47	0
2 49	31
2 50	34
2 53	69
2 54	59
2 55	38
2 56	5
2 57	63
2 58	10
2 59	39
2 60	53
2 61	14
2 63	50
2 64	60
2 65	46
2 69	9
3 0	20
3 1	9
3 2	25
3 3	14
3 5	39
3 6	13
3 8	21
3 9	52
3 10	42
3 11	44
3 12	66
3 16	48
3 17	36
3 20	2
3 22	51
3 23	5
3 24	43
3 25	15
3 26	33
3 27	46
3 30	17
3 32	28
3 33	54
3 34	61
3 35	19
3 37	53
3 38	31
3 39	1
3 41	0
3 43	37
3 44	59
3 45	4
3 46	8
3 48	60
3 50	40
3 51	27
3 52	58
3 53	30
3 54	62
3 56	35
3 57	67
3 59	56
3 61	29
3 62	55
3 63	69
3 64	45
3 66	50
3 67	6
3 68	26
3 69	57
4 0	7
4 4	0
4 6	63
4 7	51
4 9	8
4 10	33
4 11	9
4 14	34
4 16	53
4 19	66
4 20	32
4 21	13
4 22	43
4 23	24
4 24	37
4 25	40
4 26	59
4 28	6
4 30	57
4 31	20
4 32	64
4 33	18
4 37	41
4 40	14
4 41	42
4 43	23
4 44	36
4 45	26
4 46	38
4 47	3
4 48	28
4 49	22
4 50	60
4 51	67
4 52	54
4 53	27
4 55	48
4 56	25
4 57	45
4 59	1
4 60	2
4 62	19
4 65	47
4 66	58
4 67	62
4 68	52
4 69	44
5 0	29
5 1	30
5 2	11
5 3	16
5 4	6
5 5	9
5 7	12
5 8	22
5 10	46
5 11	64
5 12	39
5 13	27
5 14	53
5 15	58
5 17	31
5 18	42
5 20	63
5 21	67
5 22	23
5 23	54
5 25	34
5 27	62
5 29	2
5 30	8
5 31	26
5 32	7
5 33	4
5 34	37
5 35	17
5 37	19
5 39	33
5 40	51
5 42	57
5 43	49
5 44	35
5 45	3
5 46	66
5 47	1
5 48	18
5 49	48
5 51	65
5 52	21
5 53	68
5 55	45
5 56	60
5 58	52
5 59	36
5 62	40
5 63	28
5 65	5
5 66	10
5 68	24
5 69	47
6 0	41
6 3	24
6 5	23
6 7	45
6 8	9
6 11	56
6 13	68
6 14	4
6 15	55
6 16	44
6 17	0
6 19	58
6 20	47
6 21	43
6 22	42
6 23	20
6 25	35
6 27	32
6 29	36
6 30	18
6 31	1
6 32	29
6 33	62
6 34	3
6 35	53
6 36	19
6 37	10
6 38	65
6 39	40
6 40	52
6 41	14
6 43	46
6 44	15
6 45	54
6 46	28
6 47	7
6 48	39
6 49	8
6 50	12
6 52	63
6 54	33
6 55	2
6 57	6
6 58	66
6 59	5
6 60	34
6 61	22
6 62	38
6 63	11
6 65	31
6 67	60
6 68	21
7 0	37
7 1	43
7 3	60
7 4	63
7 5	21
7 6	35
7 7	14
7 8	24
7 10	49
7 12	41
7 13	6
7 18	8
7 20	0
7 22	54
7 23	26
7 24	48
7 25	59
7 26	10
7 32	33
7 33	67
7 37	5
7 38	29
7 39	34
7 41	23
7 45	36
7 46	25
7 47	52
7 48	20
7 49	44
7 50	22
7 51	55
7 52	12
7 53	15
7 54	65
7 55	16
7 56	61
7 57	42
7 58	9
7 59	58
7 61	68
7 62	39
7 63	7
7 64	53
7 65	69
7 66	31
7 67	28
7 69	66
8 0	12
8 1	23
8 4	58
8 5	36
8 6	31
8 7	38
8 8	10
8 9	19
8 10	13
8 11	0
8 12	37
8 13	53
8 15	43
8 17	8
8 18	14
8 19	3
8 20	42
8 22	24
8 23	34
8 24	22
8 25	32
8 26	66
8 27	55
8 30	64
8 32	49
8 33	33
8 34	35
8 35	25
8 37	6
8 38	67
8 39	45
8 40	62
8 41	4
8 42	47
8 44	46
8 45	60
8 46	41
8 48	68
8 50	7
8 53	59
8 56	50
8 57	57
8 61	18
8 62	21
8 63	15
8 64	63
8 66	54
8 67	44
8 68	48
9 0	69
9 1	48
9 2	29
9 3	63
9 4	19
9 5	57
9 6	45
9 7	54
9 10	30
9 11	26
9 13	22
9 15	40
9 19	38
9 21	24
9 23	61
9 24	1
9 25	14
9 26	44
9 27	59
9 28	33
9 29	53
9 30	25
9 31	32
9 32	6
9 33	50
9 34	47
9 38	52
9 39	15
9 40	43
9 43	42
9 44	62
9 46	49
9 47	11
9 50	46
9 51	35
9 52	68
9 53	65
9 54	64
9 56	13
9 57	2
9 59	21
9 61	0
9 63	5
9 64	4
9 65	23
9 66	12
9 67	51
9 69	60
10 0	0
10 2	8
10 4	4
10 5	29
10 9	53
10 11	46
10 12	11
10 15	69
10 18	27
10 19	49
10 20	17
10 21	66
10 22	2
10 24	38
10 25	48
10 27	68
10 28	1
10 31	3
10 33	63
10 36	55
10 37	7
10 39	28
10 43	60
10 44	58
10 46	50
10 47	39
10 48	21
10 49	62
10 50	36
10 51	43
10 53	19
10 56	44
10 59	59
10 61	30
10 62	51
10 63	13
10 64	54
10 65	61
10 67	26
10 69	18
11 0	34
11 1	0
11 3	53
11 4	64
11 5	44
11 6	16
11 14	48
11 18	65
11 20	14
11 21	35
11 22	25
11 23	18
11 24	32
11 25	54
11 26	68
11 27	8
11 28	66
11 29	17
11 30	37
11 31	5
11 33	59
11 36	22
11 38	46
11 41	33
11 42	52
11 43	69
11 44	9
11 46	21
11 47	36
11 49	58
11 50	49
11 51	29
11 52	45
11 53	51
11 57	23
11 58	4
11 59	7
11 60	39
11 61	15
11 62	67
11 63	10
11 64	41
11 66	60
11 67	57
11 68	31
11 69	63
12 0	42
12 1	58
12 2	22
12 3	0
12 6	68
12 7	69
12 8	27
12 12	24
12 13	51
12 14	15
12 15	67
12 17	14
12 18	13
12 19	40
12 22	34
12 23	39
12 24	57
12 26	64
12 28	31
12 29	45
12 30	60
12 31	61
12 33	35
12 34	8
12 35	36
12 36	12
12 37	26
12 38	37
12 39	10
12 42	44
12 43	1
12 44	52
12 46	65
12 48	66
12 49	28
12 51	38
12 52	46
12 53	41
12 54	63
12 55	20
12 56	56
12 57	48
12 58	3
12 60	4
12 61	62
12 62	53
12 63	17
12 64	49
12 66	59
12 67	47
12 69	55
13 1	21
13 3	31
13 4	20
13 5	25
13 8	36
13 9	39
13 10	56
13 11	57
13 12	69
13 13	32
13 15	22
13 16	58
13 18	11
13 20	55
13 22	18
13 23	68
13 24	33
13 25	26
13 26	51
13 30	1
13 31	23
13 32	50
13 34	0
13 35	5
13 36	64
13 37	38
13 38	49
13 41	35
13 42	46
13 45	9
13 48	59
13 49	47
13 50	17
13 52	14
13 53	29
13 54	13
13 56	4
13 57	52
13 58	54
13 59	15
13 60	67
13 62	63
13 63	42
13 64	16
13 66	43
13 68	7
14 0	1
14 1	40
14 2	30
14 4	69
14 5	8
14 6	54
14 7	4
14 9	50
14 11	42
14 15	39
14 17	22
14 19	15
14 21	53
14 25	60
14 27	56
14 28	44
14 29	28
14 30	14
14 31	66
14 35	46
14 36	16
14 37	23
14 38	13
14 39	36
14 40	10
14 43	64
14 44	49
14 45	47
14 47	65
14 49	27
14 51	58
14 53	33
14 56	20
14 57	26
14 58	41
14 59	63
14 61	55
14 62	24
14 64	48
14 65	35
14 67	43
14 68	68
15 0	56
15 2	24
15 3	21
15 4	47
15 5	1
15 7	49
15 9	4
15 10	17
15 11	12
15 13	5
15 14	22
15 15	8
15 17	28
15 19	52
15 20	65
15 21	64
15 22	45
15 23	66
15 24	53
15 26	39
15 28	10
15 29	9
15 31	13
15 32	61
15 33	26
15 37	50
15 38	19
15 40	68
15 41	6
15 42	35
15 43	14
15 44	33
15 46	54
15 47	20
15 48	46
15 51	69
15 52	3
15 53	43
15 55	29
15 56	51
15 59	44
15 60	31
15 61	59
15 62	23
15 63	16
15 64	40
15 65	60
15 66	67
15 67	38
15 68	62
15 69	0
16 1	2
16 2	12
16 4	8
16 5	45
16 6	36
16 7	0
16 8	23
16 9	56
16 10	66
16 11	19
16 12	38
16 13	59
16 15	26
16 17	40
16 18	16
16 19	18
16 20	67
16 21	9
16 22	22
16 23	13
16 24	64
16 25	57
16 26	4
16 28	5
16 31	48
16 32	35
16 33	68
16 34	39
16 35	42
16 36	25
16 37	31
16 38	1
16 39	11
16 40	44
16 42	32
16 44	20
16 45	65
16 46	27
16 49	33
16 50	43
16 51	54
16 56	62
16 57	58
16 59	51
16 61	7
16 62	60
16 64	46
16 65	34
16 66	47
16 69	53
17 0	35
17 3	45
17 4	56
17 5	40
17 6	38
17 7	60
17 8	53
17 10	16
17 11	3
17 12	9
17 13	48
17 15	1
17 19	47
17 20	52
17 21	41
17 24	46
17 25	25
17 27	30
17 29	10
17 30	0
17 31	43
17 32	13
17 33	11
17 35	65
17 37	2
17 40	33
17 41	34
17 42	42
17 44	4
17 45	49
17 47	8
17 48	63
17 49	14
17 50	6
17 54	61
17 55	12
17 57	17
17 59	68
17 60	59
17 61	21
17 62	57
17 63	20
17 64	39
17 65	18
17 66	64
17 68	54
17 69	62
18 1	56
18 4	24
18 5	0
18 6	46
18 7	61
18 8	20
18 9	30
18 11	6
18 12	17
18 13	29
18 14	63
18 16	13
18 17	33
18 18	21
18 20	25
18 22	4
18 23	52
18 27	54
18 28	58
18 29	64
18 30	9
18 31	67
18 32	41
18 33	32
18 35	1
18 36	50
18 37	69
18 39	51
18 40	5
18 41	68
18 42	3
18 43	12
18 44	23
18 45	48
18 46	60
18 47	14
18 48	49
18 49	42
18 50	26
18 51	53
18 52	27
18 53	57
18 56	11
18 57	35
18 59	8
18 60	38
18 61	19
18 62	65
18 63	47
18 64	31
18 66	16
18 69	43
19 0	14
19 1	5
19 2	34
19 3	28
19 4	31
19 5	16
19 7	52
19 8	57
19 11	54
19 12	44
19 13	10
19 14	32
19 15	21
19 16	41
19 17	37
19 18	6
19 19	8
19 20	61
19 21	15
19 23	59
19 24	67
19 25	9
19 28	45
19 30	40
19 32	69
19 33	20
19 34	60
19 36	1
19 38	56
19 40	35
19 41	26
19 42	4
19 43	38
19 46	11
19 47	2
19 48	47
19 49	68
19 51	48
19 52	18
19 53	25
19 54	3
19 57	51
19 58	17
19 59	29
19 60	63
19 61	49
19 62	66
19 64	22
19 65	19
19 66	7
19 69	23
20 0	5
20 1	10
20 2	68
20 4	44
20 6	29
20 9	15
20 11	37
20 12	3
20 13	52
20 19	23
20 20	22
20 21	1
20 23	56
20 24	59
20 27	64
20 28	34
20 30	32
20 31	2
20 32	57
20 33	49
20 34	4
20 35	51
20 38	21
20 39	27
20 42	25
20 43	66
20 45	30
20 47	48
20 48	45
20 49	12
20 50	31
20 51	8
20 53	0
20 56	40
20 57	19
20 58	6
20 63	62
20 65	42
20 66	13
20 67	9
20 68	28
20 69	14
21 0	55
21 1	68
21 2	57
21 7	53
21 8	38
21 10	14
21 11	63
21 12	61
21 13	1
21 14	58
21 15	2
21 16	65
21 17	23
21 18	17
21 20	4
21 21	50
21 22	59
21 24	56
21 25	36
21 26	22
21 31	39
21 32	11
21 35	37
21 36	45
21 38	69
21 41	27
21 42	66
21 43	10
21 45	62
21 47	43
21 48	32
21 49	67
21 50	13
21 51	44
21 52	41
21 54	19
21 55	35
21 56	33
21 58	20
21 59	49
21 60	30
21 61	16
21 63	31
21 64	8
21 65	29
21 66	21
21 67	42
21 68	6
22 0	44
22 1	28
22 2	36
22 4	2
22 5	68
22 7	24
22 9	54
22 10	1
22 11	47
22 12	53
22 14	46
22 15	4
22 17	3
22 18	51
22 19	63
22 20	11
22 21	12
22 22	26
22 23	9
22 24	55
22 29	5
22 30	13
22 32	38
22 34	64
22 36	8
22 37	30
22 39	61
22 40	21
22 41	29
22 42	6
22 44	56
22 45	39
22 46	69
22 47	49
22 48	22
22 49	60
22 50	59
22 52	57
22 53	32
22 55	58
22 56	34
22 57	65
22 58	15
22 59	31
22 61	41
22 62	48
22 63	40
22 64	66
22 65	62
22 66	25
22 69	19
23 1	39
23 2	18
23 4	26
23 7	17
23 8	59
23 9	37
23 12	58
23 18	4
23 19	56
23 20	34
23 22	65
23 23	38
23 24	11
23 25	5
23 27	19
23 28	20
23 29	67
23 30	36
23 31	29
23 33	10
23 34	53
23 36	54
23 37	43
23 38	45
23 40	12
23 41	55
23 42	9
23 43	51
23 44	27
23 45	50
23 46	46
23 48	57
23 49	66
23 50	3
23 51	40
23 52	7
23 54	25
23 55	68
23 57	1
23 58	63
23 59	33
23 60	61
23 63	52
23 65	48
23 66	49
23 67	15
23 68	42
24 0	10
24 1	4
24 2	52
24 4	65
24 5	60
24 6	43
24 8	55
24 9	23
24 10	39
24 11	67
24 12	68
24 14	21
24 16	22
24 18	0
24 20	7
24 22	19
24 23	17
24 24	69
24 26	18
24 27	40
24 28	15
24 30	33
24 31	54
24 32	53
24 33	51
24 35	59
24 38	28
24 39	13
24 40	57
24 42	48
24 43	56
24 45	38
24 46	9
24 47	12
24 48	25
24 51	6
24 52	26
24 53	61
24 54	32
24 55	49
24 56	3
24 57	62
24 58	58
24 59	46
24 61	37
24 62	11
24 63	44
24 64	27
24 66	24
24 67	35
24 68	29
24 69	20
25 0	8
25 4	45
25 5	18
25 6	14
25 7	64
25 8	25
25 10	69
25 11	51
25 15	46
25 16	12
25 19	19
25 20	3
25 25	63
25 26	57
25 28	59
25 29	32
25 31	53
25 34	66
25 35	68
25 36	13
25 37	21
25 39	67
25 41	60
25 42	33
25 43	31
25 44	26
25 45	37
25 46	43
25 47	55
25 48	1
25 49	5
25 50	30
25 51	42
25 52	28
25 53	58
25 54	47
25 55	7
25 56	41
25 57	44
25 58	35
25 59	40
25 60	11
25 62	6
25 63	9
25 64	17
25 65	15
25 66	39
25 67	2
25 68	38
26 0	2
26 1	45
26 2	65
26 3	35
26 4	53
26 5	64
26 7	56
26 8	48
26 9	25
26 10	15
26 12	36
26 13	13
26 15	32
26 16	1
26 17	10
26 18	57
26 20	59
26 21	7
26 22	69
26 23	41
26 26	9
26 27	17
26 28	46
26 30	47
26 31	0
26 32	40
26 33	39
26 34	68
26 35	20
26 37	3
26 38	22
26 39	6
26 40	16
26 41	24
26 42	28
26 43	58
26 45	63
26 46	19
26 47	61
26 49	21
26 50	11
26 51	34
26 53	44
26 54	4
26 55	62
26 56	31
26 57	27
26 59	38
26 60	26
26 61	8
26 64	37
26 65	67
26 66	5
26 67	66
26 68	23
26 69	54
27 2	63
27 3	64
27 4	28
27 5	34
27 6	40
27 7	23
27 9	66
27 10	65
27 12	12
27 13	56
27 14	8
27 16	9
27 17	5
27 18	30
27 21	14
27 22	48
27 23	19
27 24	26
27 25	38
27 26	7
27 27	47
27 28	49
27 30	20
27 32	42
27 34	36
27 36	51
27 37	1
27 38	43
27 40	15
27 41	32
27 42	61
27 43	45
27 46	13
27 48	53
27 49	52
27 50	37
27 51	22
27 52	44
27 53	2
27 54	0
27 55	11
27 56	54
27 57	46
27 60	3
27 61	6
27 62	41
27 63	57
27 64	58
27 66	55
27 67	67
27 68	69
27 69	35
28 0	59
28 1	7
28 2	53
28 4	55
28 6	20
28 9	64
28 12	22
28 15	51
28 16	36
28 17	60
28 18	45
28 20	26
28 24	6
28 25	46
28 26	32
28 27	4
28 29	63
28 32	56
28 36	35
28 37	33
28 38	25
28 40	11
28 42	27
28 43	30
28 44	34
28 46	12
28 47	47
28 48	15
28 49	10
28 50	29
28 53	39
28 55	42
28 56	18
28 57	68
28 58	13
28 60	69
28 62	58
28 63	3
28 64	43
28 65	1
28 66	9
28 67	17
28 68	5
28 69	61
29 1	59
29 3	33
29 4	10
29 5	41
29 6	8
29 7	47
29 8	17
29 10	51
29 11	29
29 14	56
29 15	5
29 16	39
29 18	40
29 19	65
29 20	27
29 21	54
29 22	60
29 26	37
29 27	18
29 28	55
29 29	3
29 30	46
29 31	15
29 33	28
29 34	50
29 35	63
29 36	34
29 37	49
29 38	23
29 40	19
29 41	67
29 42	22
29 46	4
29 47	30
29 49	69
29 50	61
29 51	36
29 52	53
29 54	1
29 55	66
29 59	24
29 60	0
29 62	52
29 67	12
29 68	9
30 1	25
30 2	0
30 4	39
30 5	37
30 8	65
30 9	3
30 11	33
30 13	28
30 15	16
30 16	17
30 19	54
30 20	5
30 21	46
30 22	49
30 23	21
30 24	63
30 25	42
30 26	15
30 27	58
30 28	52
30 29	40
30 31	4
30 32	1
30 33	69
30 34	34
30 35	55
30 37	60
30 40	38
30 41	19
30 42	41
30 43	9
30 44	29
30 46	67
30 48	6
30 49	20
30 50	8
30 51	2
30 54	26
30 55	44
30 56	47
30 57	43
30 58	45
30 60	56
30 63	36
30 64	57
30 66	62
30 67	14
31 0	54
31 2	40
31 4	36
31 5	13
31 7	62
31 8	28
31 11	8
31 12	27
31 13	9
31 14	68
31 15	35
31 16	50
31 17	55
31 18	59
31 19	69
31 21	44
31 22	66
31 24	7
31 26	11
31 27	51
31 28	30
31 29	38
31 30	67
31 31	42
31 32	4
31 33	65
31 34	14
31 35	45
31 36	17
31 37	32
31 39	16
31 40	26
31 41	5
31 42	18
31 43	0
31 44	57
31 45	56
31 46	63
31 47	25
31 48	52
31 49	15
31 51	3
31 53	49
31 57	10
31 58	33
31 59	43
31 60	64
31 61	53
31 63	19
31 64	61
31 65	37
31 66	29
31 67	21
31 68	34
31 69	58
32 0	30
32 1	44
32 2	50
32 3	27
32 5	22
32 6	4
32 7	18
32 9	63
32 10	61
32 12	56
32 15	68
32 17	64
32 18	29
32 20	60
32 23	55
32 25	52
32 26	6
32 28	38
32 29	1
32 30	54
32 31	11
32 32	48
32 33	14
32 34	26
32 35	43
32 38	16
32 39	46
32 40	23
32 41	31
32 47	34
32 48	58
32 49	49
32 50	35
32 51	39
32 52	62
32 53	12
32 56	7
32 58	19
32 59	53
32 61	42
32 62	32
32 63	25
32 64	69
32 65	59
32 66	36
32 68	3
33 1	3
33 2	51
33 3	32
33 4	18
33 5	66
33 6	60
33 8	12
33 9	24
33 10	57
33 12	40
33 13	41
33 14	27
33 18	37
33 19	67
33 20	9
33 22	10
33 23	35
33 24	47
33 25	49
33 27	7
33 28	62
33 30	69
33 31	14
33 32	36
33 33	53
33 34	46
33 35	33
33 36	0
33 37	28
33 38	15
33 39	17
33 40	2
33 41	44
33 43	52
33 44	13
33 45	64
33 47	29
33 48	19
33 49	45
33 50	5
33 51	63
33 52	16
33 53	22
33 54	39
33 55	26
33 57	31
33 58	59
33 59	4
33 60	43
33 63	34
33 64	23
33 65	38
33 66	1
33 68	30
33 69	56
34 0	50
34 1	37
34 2	47
34 3	3
34 4	42
34 5	33
34 6	2
34 7	65
34 8	19
34 10	11
34 14	35
34 16	29
34 17	18
34 18	46
34 19	39
34 20	44
34 21	63
34 23	43
34 25	61
34 27	60
34 29	57
34 32	54
34 34	67
34 35	22
34 36	62
34 37	15
34 39	4
34 40	6
34 41	36
34 42	34
34 43	13
34 45	40
34 46	31
34 47	53
34 48	55
34 49	0
34 50	45
34 51	7
34 52	69
34 53	10
34 54	68
34 56	38
34 57	16
34 59	32
34 60	24
34 61	28
34 62	14
34 63	1
34 64	26
34 65	25
34 67	49
34 68	20
34 69	41
35 0	31
35 1	35
35 2	16
35 3	58
35 9	7
35 10	40
35 11	62
35 13	54
35 14	14
35 15	52
35 16	55
35 17	49
35 18	22
35 19	25
35 20	50
35 21	61
35 23	23
35 24	4
35 25	29
35 26	45
35 30	51
35 31	6
35 32	9
35 33	15
35 34	44
35 35	12
35 36	57
35 39	39
35 40	27
35 41	8
35 43	41
35 45	11
35 46	10
35 47	24
35 48	65
35 49	38
35 50	47
35 51	59
35 52	48
35 55	53
35 56	26
35 57	18
35 58	64
35 59	66
35 60	5
35 63	0
35 64	33
35 68	67
35 69	69
36 1	61
36 3	8
36 5	6
36 7	22
36 8	2
36 9	57
36 11	11
36 12	35
36 14	50
36 15	36
36 16	60
36 17	9
36 18	62
36 19	7
36 20	33
36 21	58
36 22	47
36 24	45
36 25	56
36 26	38
36 27	53
36 28	65
36 29	0
36 30	3
36 31	69
36 32	30
36 35	34
36 36	18
36 37	54
36 38	26
36 39	64
36 40	59
36 41	39
36 43	19
36 44	32
36 46	5
36 47	51
36 48	41
36 49	29
36 52	23
36 53	31
36 54	16
36 55	27
36 56	48
36 57	40
36 59	17
36 60	28
36 62	44
36 65	66
36 66	15
36 67	63
36 68	10
37 0	45
37 2	61
37 6	11
37 7	57
37 8	39
37 10	32
37 11	48
37 12	59
37 13	26
37 16	42
37 17	69
37 19	51
37 20	62
37 22	68
37 24	44
37 25	24
37 28	22
37 29	7
37 32	46
37 33	16
37 34	13
37 35	50
37 37	25
37 38	9
37 39	3
37 40	64
37 42	14
37 43	54
37 44	65
37 46	30
37 49	41
37 50	18
37 51	66
37 52	38
37 53	1
37 54	6
37 55	60
37 56	37
37 58	5
37 59	55
37 60	40
37 61	52
37 62	4
37 64	12
37 65	28
37 67	0
37 68	43
37 69	31
38 0	58
38 2	13
38 4	57
38 5	56
38 6	44
38 8	62
38 9	67
38 10	47
38 11	31
38 14	59
38 15	38
38 16	32
38 17	19
38 18	18
38 19	27
38 21	36
38 22	30
38 23	11
38 24	39
38 27	14
38 29	52
38 30	42
38 31	68
38 34	28
38 35	21
38 36	7
38 42	15
38 43	26
38 44	48
38 45	23
38 46	0
38 49	54
38 50	2
38 51	24
38 52	65
38 53	5
38 54	49
38 55	55
38 56	64
38 57	61
38 59	37
38 60	66
38 62	29
38 64	6
38 65	20
38 67	46
38 68	4
38 69	8
39 2	20
39 3	49
39 4	50
39 5	11
39 6	65
39 7	15
39 10	60
39 11	22
39 14	55
39 15	57
39 18	33
39 20	18
39 21	37
39 22	13
39 25	64
39 26	21
39 29	35
39 31	10
39 32	14
39 35	26
39 40	45
39 41	38
39 42	63
39 43	3
39 44	7
39 45	2
39 46	23
39 47	41
39 48	34
39 49	25
39 50	62
39 51	52
39 52	4
39 53	48
39 54	30
39 56	19
39 57	28
39 60	8
39 63	66
39 64	44
39 65	12
39 68	59
40 0	18
40 1	17
40 2	42
40 3	50
40 4	21
40 7	16
40 12	20
40 13	39
40 14	33
40 15	48
40 16	69
40 17	12
40 18	64
40 19	31
40 20	15
40 22	14
40 24	10
40 26	49
40 28	35
40 29	55
40 31	41
40 33	9
40 34	56
40 35	7
40 36	6
40 38	30
40 39	60
40 41	65
40 42	26
40 43	47
40 45	44
40 47	19
40 51	68
40 52	59
40 53	38
40 54	22
40 56	43
40 58	32
40 59	11
40 60	62
40 61	5
40 62	36
40 63	8
40 64	29
40 65	24
40 66	34
41 1	62
41 2	9
41 3	10
41 5	59
41 6	49
41 9	42
41 11	39
41 13	45
41 14	0
41 15	3
41 16	47
41 17	61
41 18	50
41 19	37
41 20	29
41 21	31
41 22	28
41 23	14
41 24	41
41 26	26
41 28	19
41 29	69
41 30	23
41 32	5
41 33	7
41 34	63
41 35	8
41 36	27
41 37	52
41 38	20
41 39	66
41 40	17
41 41	18
41 43	35
41 44	16
41 45	43
41 46	33
41 47	13
41 48	4
41 49	11
41 51	57
41 52	32
41 54	58
41 55	51
41 56	68
41 58	24
41 59	54
41 60	44
41 61	40
41 62	25
41 63	56
41 64	34
41 65	36
41 66	2
41 67	55
41 68	1
41 69	12
42 0	3
42 2	2
42 3	57
42 4	59
42 6	18
42 9	34
42 12	1
42 13	36
42 14	29
42 15	37
42 16	26
42 17	38
42 18	60
42 19	24
42 20	58
42 21	25
42 22	41
42 26	0
42 27	66
42 28	11
42 29	13
42 30	53
42 31	31
42 32	39
42 33	5
42 34	21
42 36	15
42 37	61
42 38	6
42 41	69
42 42	68
42 43	17
42 44	51
42 45	33
42 46	44
42 47	4
42 48	62
42 49	35
42 51	12
42 53	14
42 54	7
42 55	23
42 56	42
42 57	22
42 58	46
42 59	67
42 61	45
42 63	63
42 64	9
42 65	30
42 66	65
42 68	8
42 69	64
43 0	26
43 2	60
43 3	6
43 5	17
43 7	34
43 9	61
43 10	68
43 11	2
43 12	54
43 13	55
43 14	62
43 15	11
43 17	66
43 18	7
43 19	50
43 21	45
43 22	3
43 23	1
43 24	23
43 26	63
43 27	5
43 28	0
43 29	51
43 30	22
43 31	25
43 32	47
43 33	57
43 35	38
43 40	36
43 41	53
43 42	16
43 43	32
43 44	19
43 45	13
43 46	29
43 47	9
43 48	8
43 50	58
43 51	21
43 53	56
43 55	10
43 56	12
43 57	39
43 58	65
43 61	43
43 62	35
43 65	44
43 66	4
43 69	30
44 0	68
44 1	52
44 5	32
44 6	41
44 7	44
44 8	58
44 9	10
44 10	8
44 11	50
44 12	63
44 13	4
44 14	57
44 15	15
44 16	38
44 18	28
44 19	20
44 20	40
44 21	33
44 23	53
44 26	61
44 28	67
44 29	43
44 30	55
44 31	37
44 32	19
44 33	45
44 35	2
44 36	36
44 38	54
44 41	1
44 42	21
44 43	16
44 47	22
44 51	60
44 52	66
44 55	3
44 58	7
44 60	48
44 61	46
44 62	34
44 63	30
44 67	5
44 68	11
44 69	39
45 1	55
45 2	5
45 3	36
45 4	35
45 5	31
45 6	10
45 7	11
45 8	54
45 11	60
45 13	17
45 15	9
45 19	43
45 20	30
45 21	38
45 22	52
45 23	44
45 24	3
45 25	4
45 26	42
45 29	8
45 30	63
45 31	34
45 34	49
45 39	19
45 40	32
45 42	67
45 43	62
45 45	21
45 46	61
45 48	29
45 49	46
45 50	1
45 51	15
45 52	22
45 54	50
45 55	28
45 56	65
45 57	12
45 58	25
45 59	48
45 60	20
45 61	2
45 62	33
45 64	47
45 65	0
45 66	27
45 69	7
46 0	9
46 1	57
46 3	46
46 4	33
46 5	62
46 6	47
46 7	21
46 8	16
46 9	45
46 10	43
46 11	52
46 12	34
46 13	2
46 14	7
46 15	12
46 16	31
46 18	19
46 19	1
46 21	17
46 23	27
46 24	40
46 25	65
46 26	14
46 27	29
46 30	49
46 31	28
46 32	51
46 33	3
46 34	5
46 35	4
46 36	44
46 37	24
46 38	42
46 39	53
46 43	48
46 44	18
46 45	8
46 47	54
46 48	23
46 50	20
46 51	25
46 53	66
46 54	55
46 55	67
46 58	39
46 60	35
46 61	11
46 64	32
46 65	50
46 66	0
46 67	37
46 68	56
46 69	68
47 0	23
47 1	18
47 2	49
47 3	59
47 4	5
47 5	14
47 6	3
47 7	2
47 8	51
47 9	32
47 10	9
47 12	28
47 14	12
47 15	61
47 16	11
47 17	68
47 18	41
47 22	29
47 23	7
47 24	65
47 25	17
47 26	36
47 29	42
47 30	56
47 32	26
47 33	47
47 34	15
47 36	30
47 37	55
47 39	48
47 40	53
47 42	64
47 43	25
47 45	46
47 46	37
47 48	31
47 49	50
47 52	43
47 53	54
47 54	21
47 55	63
47 56	45
47 57	24
47 58	34
47 59	0
47 61	58
47 62	27
47 63	39
47 65	6
47 66	35
47 67	22
47 69	52
48 4	48
48 7	27
48 8	49
48 9	41
48 10	26
48 11	16
48 12	19
48 13	37
48 15	31
48 17	13
48 18	10
48 21	5
48 22	50
48 23	30
48 25	47
48 26	58
48 27	36
48 28	68
48 29	25
48 31	35
48 32	59
48 33	46
48 35	52
48 36	9
48 37	39
48 38	57
48 39	38
48 40	66
48 41	56
48 43	33
48 45	12
48 46	64
48 47	17
48 48	14
48 50	54
48 51	20
48 52	0
48 53	18
48 58	40
48 60	42
48 61	34
48 62	43
48 63	21
48 65	3
48 66	44
48 67	23
48 69	1
49 0	32
49 1	1
49 2	15
49 3	38
49 5	10
49 7	40
49 9	49
49 10	55
49 12	60
49 13	25
49 17	56
49 19	62
49 20	66
49 24	12
49 25	31
49 27	28
49 31	65
49 32	27
49 33	8
49 34	69
49 36	24
49 37	44
49 39	0
49 40	46
49 42	2
49 43	36
49 44	63
49 46	22
49 47	59
49 48	33
49 50	68
49 51	13
49 53	45
49 54	14
49 55	30
49 57	64
49 59	42
49 61	20
49 62	47
49 64	52
49 65	21
49 67	16
49 68	57
49 69	4
50 0	25
50 1	36
50 2	64
50 4	41
50 5	28
50 6	5
50 8	66
50 10	45
50 11	7
50 12	62
50 13	0
50 14	54
50 15	60
50 16	35
50 17	50
50 19	17
50 20	39
50 21	16
50 23	42
50 24	13
50 27	6
50 28	51
50 29	14
50 31	46
50 34	55
50 35	27
50 36	56
50 37	58
50 39	57
50 40	61
50 41	40
50 42	31
50 47	33
50 48	26
50 49	59
50 52	19
50 53	4
50 54	20
50 55	47
50 57	21
50 59	34
50 61	9
50 62	37
50 63	22
50 64	3
50 66	38
50 67	18
50 68	49
51 0	47
51 2	17
51 4	27
51 6	58
51 7	39
51 8	4
51 9	60
51 10	19
51 11	36
51 12	50
51 15	0
51 16	68
51 18	15
51 19	48
51 21	21
51 22	7
51 24	51
51 25	69
51 27	43
51 28	2
51 30	31
51 31	45
51 32	16
51 33	25
51 34	65
51 35	66
51 37	63
51 38	35
51 40	28
51 41	52
51 42	5
51 43	44
51 44	61
51 47	18
51 50	55
51 53	3
51 54	8
51 55	13
51 56	14
51 57	41
51 58	1
51 59	26
51 60	37
51 61	57
51 64	38
51 65	64
51 66	53
51 67	11
51 68	33
51 69	22
52 0	53
52 3	9
52 4	7
52 9	18
52 10	62
52 11	43
52 13	8
52 14	30
52 16	56
52 17	25
52 19	36
52 20	13
52 21	59
52 22	1
52 23	64
52 24	58
52 25	2
52 26	60
52 28	47
52 29	61
52 30	28
52 32	37
52 34	42
52 37	29
52 38	48
52 39	24
52 40	0
52 42	45
52 47	15
52 48	11
52 51	14
52 52	52
52 53	67
52 54	34
52 55	19
52 57	5
52 58	22
52 59	3
52 60	16
52 61	17
52 62	31
52 63	54
52 64	68
52 67	32
52 68	66
52 69	49
53 0	61
53 1	16
53 2	37
53 4	52
53 5	63
53 6	26
53 7	36
53 11	20
53 13	33
53 14	5
53 15	66
53 17	15
53 18	34
53 19	13
53 21	55
53 22	40
53 23	57
53 24	24
53 26	41
53 28	42
53 29	47
53 31	27
53 34	17
53 35	32
53 36	58
53 37	14
53 38	51
53 40	22
53 41	28
53 42	59
53 43	4
53 45	45
53 46	6
53 47	62
53 51	18
53 53	11
53 54	23
53 55	8
53 57	0
53 58	38
53 60	12
53 61	69
53 62	49
53 64	19
53 65	56
53 66	46
53 67	68
53 68	65
53 69	48
54 1	63
54 2	66
54 3	65
54 4	34
54 5	46
54 7	20
54 9	58
54 10	37
54 11	30
54 13	42
54 14	17
54 15	14
54 17	39
54 19	29
54 21	6
54 23	60
54 25	13
54 26	40
54 27	23
54 28	16
54 29	48
54 30	38
54 31	8
54 35	41
54 38	4
54 39	68
54 40	3
54 42	55
54 44	50
54 45	53
54 48	24
54 54	44
54 55	61
54 56	28
54 58	2
54 59	47
54 60	33
54 61	25
54 62	0
54 65	7
54 69	15
55 1	19
55 2	38
55 3	51
55 4	40
55 5	49
55 6	62
55 7	66
55 9	6
55 12	31
55 13	30
55 15	29
55 16	8
55 17	11
55 18	25
55 19	0
55 20	24
55 21	68
55 22	17
55 23	63
55 24	5
55 26	55
55 27	12
55 28	56
55 30	35
55 31	64
55 32	58
55 34	48
55 35	28
55 36	4
55 38	50
55 42	1
55 43	61
55 44	47
55 45	34
55 46	3
55 47	32
55 50	69
55 51	45
55 52	10
55 53	46
55 54	37
55 55	57
55 56	16
55 59	60
55 61	23
55 63	67
55 65	26
55 66	41
55 68	39
55 69	59
56 0	63
56 1	50
56 3	66
56 4	51
56 5	69
56 6	33
56 8	8
56 9	59
56 10	29
56 11	24
56 13	57
56 14	38
56 15	23
56 17	1
56 18	48
56 19	42
56 20	68
56 23	3
56 24	30
56 26	13
56 27	49
56 30	41
56 31	9
56 32	22
56 33	40
56 34	16
56 35	62
56 37	34
56 38	36
56 39	43
56 41	17
56 42	53
56 44	11
56 45	20
56 46	35
56 47	26
56 49	19
56 50	25
56 51	28
56 52	39
56 53	52
56 54	15
56 56	46
56 59	14
56 61	27
56 62	64
56 65	54
56 66	37
56 68	12
57 0	65
57 1	64
57 5	42
57 6	12
57 7	7
57 8	67
57 10	10
57 11	4
57 12	21
57 13	69
57 14	26
57 15	45
57 17	24
57 18	3
57 19	16
57 20	8
57 22	53
57 23	47
57 24	29
57 25	19
57 26	52
57 27	31
57 28	60
57 29	56
57 30	66
57 31	49
57 32	0
57 33	13
57 34	6
57 35	9
57 36	23
57 38	63
57 39	5
57 40	1
57 41	57
57 43	40
57 44	2
57 47	27
57 48	44
57 50	14
57 52	15
57 58	43
57 59	28
57 61	32
57 62	50
57 63	55
57 65	58
57 66	11
57 67	41
57 68	17
58 1	20
58 2	32
58 4	14
58 7	42
58 9	5
58 11	68
58 14	23
58 15	10
58 19	12
58 20	41
58 21	65
58 22	37
58 23	45
58 24	35
58 25	66
58 26	69
58 27	38
58 28	36
58 29	18
58 30	59
58 31	60
58 34	62
58 35	24
58 36	26
58 38	53
58 39	7
58 41	11
58 42	29
58 43	28
58 44	6
58 45	31
58 47	44
58 48	13
58 49	17
58 50	16
58 53	40
58 54	9
58 55	25
58 56	39
58 60	57
58 62	54
58 67	1
58 68	61
58 69	67
59 0	28
59 2	31
59 3	29
59 4	16
59 5	26
59 6	1
59 8	32
59 9	14
59 12	65
59 14	13
59 15	20
59 16	49
59 17	54
59 18	35
59 19	33
59 20	43
59 21	51
59 23	69
59 24	8
59 25	67
59 27	52
59 28	57
59 31	7
59 33	19
59 34	10
59 36	39
59 37	66
59 38	0
59 40	18
59 41	48
59 42	40
59 43	53
59 44	64
59 46	59
59 47	5
59 48	42
59 50	63
59 52	47
59 53	55
59 54	12
59 57	3
59 58	11
59 60	15
59 62	62
59 66	68
59 67	4
59 69	17
60 1	22
60 4	32
60 5	3
60 6	23
60 7	25
60 9	47
60 11	14
60 13	38
60 16	57
60 17	35
60 18	1
60 19	4
60 20	12
60 21	60
60 22	58
60 23	37
60 25	62
60 29	66
60 30	45
60 35	15
60 38	10
60 39	42
60 40	8
60 42	43
60 43	18
60 44	55
60 45	6
60 46	34
60 47	68
60 48	2
60 49	13
60 52	33
60 53	9
60 54	5
60 55	65
60 56	69
60 57	56
60 61	31
60 62	26
60 63	64
60 64	11
60 65	53
60 66	40
60 67	30
60 68	16
61 0	49
61 1	66
61 2	58
61 4	38
61 5	15
61 6	53
61 8	13
61 10	21
61 11	61
61 14	1
61 15	47
61 16	10
61 18	24
61 19	46
61 20	64
61 21	32
61 22	5
61 23	28
61 24	27
61 25	39
61 26	43
61 27	45
61 29	23
61 30	12
61 31	22
61 32	17
61 33	44
61 34	33
61 35	54
61 36	40
61 37	20
61 39	9
61 41	37
61 42	19
61 43	7
61 44	42
61 46	16
61 48	30
61 50	56
61 52	67
61 53	60
61 55	41
61 56	0
61 58	55
61 59	35
61 60	51
61 61	3
61 62	2
61 63	6
61 64	25
61 66	8
61 68	36
62 1	38
62 2	48
62 4	43
62 5	54
62 6	64
62 8	52
62 9	22
62 11	25
62 13	19
62 14	28
62 15	27
62 16	62
62 17	51
62 18	49
62 19	9
62 20	69
62 21	26
62 22	20
62 23	67
62 25	45
62 26	29
62 27	13
62 31	55
62 33	21
62 34	1
62 35	3
62 36	65
62 37	40
62 38	12
62 41	66
62 42	50
62 43	34
62 46	56
62 47	58
62 48	35
62 49	53
62 50	15
62 52	60
62 53	63
62 54	18
62 55	5
62 56	17
62 57	33
62 58	57
62 59	10
62 60	46
62 61	61
62 62	7
62 63	2
62 64	42
62 67	8
62 69	32
63 0	46
63 1	32
63 3	13
63 5	2
63 6	19
63 9	26
63 15	44
63 16	21
63 17	57
63 19	68
63 20	51
63 21	10
63 22	15
63 23	36
63 25	58
63 26	1
63 27	67
63 28	53
63 29	62
63 30	34
63 31	12
63 33	6
63 34	27
63 35	31
63 37	64
63 38	3
63 39	8
63 40	37
63 41	45
63 42	39
63 45	5
63 46	42
63 47	56
63 48	16
63 49	65
63 50	48
63 52	35
63 53	50
63 56	22
63 57	11
63 58	0
63 59	30
63 60	49
63 61	66
63 62	69
63 64	7
63 65	55
63 67	40
63 68	41
63 69	38
64 2	1
64 3	37
64 6	30
64 7	50
64 8	60
64 9	35
64 10	63
64 11	65
64 12	33
64 13	34
64 14	61
64 15	25
64 16	16
64 17	52
64 19	11
64 20	23
64 22	38
64 23	4
64 24	21
64 26	62
64 27	57
64 28	18
64 29	15
64 30	7
64 31	47
64 32	32
64 33	64
64 35	67
64 36	28
64 37	46
64 38	27
64 39	54
64 42	17
64 43	22
64 45	14
64 48	69
64 50	41
64 51	26
64 52	20
64 53	42
64 54	51
64 55	40
64 56	8
64 57	53
64 58	12
64 59	19
64 60	29
64 61	56
64 62	13
64 63	24
64 64	2
64 65	68
64 66	66
64 68	0
64 69	6
65 0	17
65 1	65
65 2	41
65 3	69
65 4	30
65 6	56
65 7	13
65 8	61
65 9	40
65 11	5
65 14	45
65 15	63
65 16	43
65 17	47
65 19	53
65 20	54
65 21	19
65 23	15
65 24	52
65 25	12
65 26	50
65 27	35
65 29	34
65 30	2
65 31	57
65 33	66
65 35	29
65 36	68
65 37	62
65 38	11
65 39	44
65 41	49
65 42	58
65 43	67
65 44	0
65 45	55
65 47	46
65 48	3
65 52	37
65 53	26
65 54	38
65 55	32
65 56	36
65 57	14
65 58	21
65 60	25
65 61	24
65 63	33
65 65	16
65 67	59
66 1	6
66 2	33
66 3	5
66 4	61
66 5	12
66 6	15
66 7	43
66 9	9
66 11	35
66 14	24
66 15	59
66 16	64
66 18	23
66 19	41
66 20	19
66 22	27
66 23	48
66 24	60
66 26	20
66 27	3
66 28	29
66 30	68
66 31	58
66 32	44
66 33	31
66 35	14
66 38	47
66 39	22
66 40	25
66 41	62
66 42	7
66 43	39
66 44	66
66 45	69
66 46	40
66 47	57
66 50	21
66 51	17
66 52	56
66 53	37
66 54	45
66 55	50
66 57	32
66 58	28
66 59	16
66 60	13
66 61	65
66 62	42
66 63	4
66 64	36
66 65	51
66 67	34
66 69	2
67 0	21
67 1	51
67 4	12
67 5	4
67 6	48
67 7	35
67 8	45
67 10	58
67 11	55
67 12	16
67 14	6
67 15	50
67 16	37
67 18	66
67 21	22
67 22	62
67 25	68
67 26	65
67 28	24
67 29	39
67 30	43
67 31	17
67 32	34
67 35	11
67 37	56
67 38	14
67 40	49
67 41	64
67 42	23
67 43	63
67 44	44
67 45	67
67 46	52
67 47	42
67 48	5
67 49	26
67 53	53
67 57	54
67 58	8
67 59	41
67 60	18
67 61	47
67 62	3
67 63	38
67 64	15
67 65	9
67 66	57
67 68	13
67 69	40
68 3	56
68 4	54
68 5	47
68 6	17
68 7	28
68 9	20
68 10	53
68 12	64
68 13	3
68 15	42
68 16	4
68 17	62
68 18	36
68 19	2
68 20	6
68 22	32
68 24	68
68 25	30
68 26	27
68 27	34
68 28	23
68 29	26
68 30	19
68 31	21
68 32	43
68 33	12
68 35	58
68 36	61
68 37	35
68 38	38
68 40	29
68 45	1
68 47	40
68 48	48
68 49	63
68 51	9
68 52	13
68 53	7
68 55	39
68 57	60
68 60	22
68 63	51
68 65	10
68 66	52
68 67	31
68 68	18
68 69	37
69 1	46
69 2	35
69 3	17
69 4	49
69 5	7
69 7	3
69 8	69
69 9	1
69 10	34
69 11	59
69 12	4
69 13	40
69 14	36
69 17	58
69 18	67
69 19	26
69 23	6
69 24	42
69 26	31
69 27	33
69 30	11
69 31	18
69 32	66
69 33	30
69 34	38
69 36	37
69 37	68
69 38	32
69 39	21
69 40	13
69 42	51
69 43	8
69 44	53
69 45	16
69 46	15
69 47	64
69 48	12
69 50	52
69 51	62
69 53	28
69 54	43
69 55	14
69 61	10
69 62	5
69 63	41
69 65	39
69 67	24
69 68	47
69 69	27
