70
0 0	69
0 1	53
0 2	51
0 3	37
0 5	41
0 8	20
0 9	17
0 10	28
0 11	38
0 12	68
0 13	30
0 14	27
0 16	64
0 17	11
0 18	61
0 19	44
0 20	34
0 21	66
0 22	52
0 24	16
0 25	59
0 26	67
0 27	15
0 29	60
0 30	4
0 33	14
0 34	55
0 35	58
0 36	13
0 37	10
0 38	63
0 39	48
0 42	42
0 43	62
0 44	39
0 45	49
0 47	18
0 48	7
0 49	8
0 51	46
0 52	2
0 53	36
0 54	9
0 55	22
0 56	65
0 57	32
0 58	40
0 59	47
0 60	24
0 61	56
0 63	3
0 65	50
0 66	31
0 67	19
0 68	0
0 69	35
1 1	68
1 2	55
1 4	48
1 6	61
1 8	59
1 9	35
1 12	33
1 13	37
1 14	63
1 15	56
1 16	66
1 17	65
1 19	26
1 20	5
1 21	10
1 22	22
1 23	32
1 24	54
1 25	51
1 26	21
1 28	4
1 29	28
1 31	24
1 32	53
1 33	1
1 34	52
1 36	0
1 37	50
1 38	62
1 39	8
1 41	38
1 42	2
1 43	18
1 44	20
1 45	58
1 47	9
1 48	19
1 49	14
1 50	23
1 51	3
1 52	16
1 53	64
1 55	15
1 56	47
1 57	49
1 59	6
1 60	13
1 61	39
1 62	69
1 63	42
1 64	17
1 65	57
1 66	40
1 67	46
1 68	27
1 69	11
2 0	44
2 1	55
2 2	3
2 3	13
2 4	52
2 5	66
2 6	48
2 7	18
2 8	58
2 11	57
2 12	59
2 14	28
2 15	20
2 16	40
2 17	42
2 18	1
2 19	7
2 20	53
2 22	60
2 23	22
2 24	24
2 25	0
2 26	45
2 27	68
2 28	47
2 29	61
2 30	5
2 31	32
2 32	49
2 34	21
2 35	39
2 36	34
2 37	54
2 39	16
2 40	10
2 41	29
2 42	46
2 43	11
2 44	64
2 46	8
2 47	4
2 49	25
2 50	41
2 51	36
2 52	14
2 54	26
2 56	50
2 57	63
2 58	30
2 59	27
2 60	65
2 61	15
2 62	17
2 63	9
2 64	2
2 65	23
2 66	6
2 67	35
2 69	43
3 0	46
3 1	2
3 2	40
3 3	26
3 4	60
3 5	61
3 8	4
3 10	24
3 11	17
3 12	20
3 13	0
3 14	13
3 15	22
3 16	48
3 17	28
3 18	45
3 19	65
3 20	55
3 21	67
3 22	58
3 23	53
3 24	5
3 25	31
3 29	33
3 30	8
3 33	32
3 35	35
3 36	21
3 37	39
3 38	23
3 39	54
3 40	63
3 41	59
3 42	1
3 44	36
3 47	16
3 50	9
3 51	25
3 52	47
3 53	66
3 54	37
3 55	44
3 56	43
3 57	34
3 58	6
3 59	64
3 60	51
3 61	19
3 62	42
3 63	52
3 64	7
3 65	27
3 66	15
3 67	41
3 68	69
4 0	36
4 1	30
4 2	27
4 3	17
4 4	16
4 6	45
4 7	59
4 8	22
4 9	24
4 10	66
4 11	67
4 13	47
4 14	54
4 16	37
4 20	48
4 22	33
4 23	51
4 25	1
4 26	38
4 27	23
4 28	53
4 29	31
4 30	13
4 31	11
4 32	2
4 33	62
4 35	56
4 37	46
4 39	9
4 40	65
4 42	50
4 43	57
4 44	28
4 45	60
4 47	5
4 48	21
4 49	3
4 50	55
4 51	68
4 52	8
4 53	29
4 54	52
4 55	12
4 56	15
4 57	0
4 59	40
4 60	25
4 61	7
4 62	34
4 64	42
4 66	20
4 67	10
4 68	49
4 69	69
5 0	14
5 2	53
5 3	50
5 4	23
5 5	2
5 6	1
5 7	17
5 8	69
5 9	65
5 10	31
5 12	27
5 14	0
5 17	48
5 18	51
5 19	61
5 20	52
5 21	9
5 22	20
5 23	15
5 24	3
5 25	34
5 26	30
5 27	62
5 28	49
5 29	6
5 30	26
5 32	46
5 34	59
5 36	63
5 37	16
5 38	44
5 41	11
5 42	64
5 44	37
5 45	5
5 46	7
5 47	41
5 48	43
5 49	58
5 50	13
5 51	38
5 52	4
5 54	57
5 56	55
5 57	33
5 58	8
5 59	12
5 60	47
5 61	29
5 62	66
5 63	56
5 64	19
5 65	39
5 67	40
5 68	24
5 69	36
6 0	0
6 1	6
6 2	69
6 3	35
6 4	1
6 6	29
6 7	41
6 8	50
6 10	36
6 11	66
6 12	38
6 13	20
6 14	58
6 15	7
6 16	11
6 17	9
6 19	27
6 20	57
6 21	17
6 22	3
6 23	10
6 24	53
6 25	33
6 26	63
6 27	54
6 28	24
6 29	43
6 30	23
6 33	26
6 34	34
6 35	21
6 36	8
6 37	32
6 40	68
6 42	30
6 43	49
6 44	12
6 45	15
6 46	67
6 47	37
6 49	42
6 50	44
6 51	61
6 53	25
6 54	46
6 55	62
6 56	48
6 60	45
6 61	51
6 62	65
6 63	39
6 64	28
6 65	2
6 67	59
6 68	52
6 69	40
7 0	30
7 1	66
7 2	50
7 3	52
7 4	44
7 5	4
7 8	11
7 9	58
7 10	16
7 12	60
7 13	38
7 14	47
7 17	19
7 18	25
7 19	8
7 20	28
7 21	32
7 22	17
7 23	35
7 24	36
7 25	56
7 26	13
7 27	34
7 28	0
7 29	46
7 30	10
7 31	57
7 34	39
7 35	18
7 36	42
7 37	14
7 38	2
7 40	31
7 41	33
7 42	63
7 43	48
7 45	41
7 46	45
7 47	29
7 49	68
7 50	20
7 51	43
7 53	24
7 54	21
7 55	54
7 56	61
7 57	67
7 58	53
7 59	55
7 60	49
7 61	27
7 62	7
7 63	6
7 64	5
7 65	15
7 66	51
7 68	65
7 69	59
8 0	65
8 1	7
8 2	26
8 3	47
8 4	56
8 5	15
8 6	10
8 7	24
8 8	42
8 9	12
8 10	30
8 11	68
8 12	29
8 13	14
8 14	62
8 15	45
8 17	8
8 19	43
8 20	41
8 21	44
8 22	13
8 23	64
8 25	18
8 26	1
8 27	61
8 28	3
8 29	20
8 30	58
8 32	63
8 33	22
8 36	53
8 38	9
8 39	11
8 40	57
8 41	31
8 42	33
8 43	37
8 44	46
8 45	36
8 46	28
8 49	48
8 50	21
8 51	49
8 52	54
8 53	67
8 54	40
8 55	59
8 56	32
8 57	19
8 58	66
8 59	16
8 62	51
8 64	0
8 65	52
8 67	27
8 68	23
8 69	25
9 0	34
9 1	61
9 2	44
9 3	45
9 4	37
9 5	48
9 6	28
9 7	16
9 8	60
9 10	53
9 11	25
9 12	23
9 13	12
9 14	32
9 15	29
9 17	27
9 18	13
9 19	59
9 20	38
9 22	18
9 23	50
9 24	67
9 25	30
9 26	5
9 27	6
9 28	19
9 29	40
9 31	20
9 32	68
9 33	39
9 35	17
9 36	51
9 37	63
9 38	22
9 39	66
9 40	62
9 41	1
9 42	65
9 43	3
9 45	57
9 46	4
9 47	2
9 48	0
9 49	49
9 52	52
9 53	47
9 54	56
9 55	58
9 58	7
9 59	41
9 60	46
9 61	33
9 62	14
9 63	43
9 65	54
9 66	42
9 67	9
9 69	64
10 0	4
10 1	9
10 3	0
10 5	46
10 6	30
10 7	35
10 8	16
10 9	43
10 10	13
10 11	12
10 12	52
10 13	50
10 15	53
10 16	18
10 17	67
10 18	15
10 20	44
10 21	60
10 22	42
10 23	14
10 24	31
10 25	61
10 26	68
10 27	48
10 28	20
10 29	21
10 30	2
10 31	19
10 34	45
10 35	54
10 36	64
10 38	5
10 39	29
10 41	26
10 42	56
10 44	66
10 45	25
10 46	39
10 47	22
10 48	33
10 50	47
10 53	27
10 54	17
10 55	6
10 58	10
10 59	57
10 60	34
10 62	8
10 63	32
10 64	36
10 65	1
10 68	63
10 69	38
11 1	5
11 2	2
11 3	10
11 4	17
11 5	23
11 6	35
11 7	13
11 9	42
11 11	28
11 12	36
11 13	6
11 14	60
11 15	63
11 16	51
11 18	68
11 19	39
11 20	7
11 21	45
11 22	37
11 23	20
11 24	66
11 25	32
11 26	57
11 28	16
11 29	62
11 30	55
11 31	50
11 32	67
11 33	29
11 34	47
11 35	41
11 36	3
11 37	22
11 39	26
11 40	14
11 41	44
11 42	24
11 44	0
11 45	48
11 47	49
11 48	27
11 49	64
11 50	34
11 51	11
11 52	1
11 53	53
11 54	18
11 55	4
11 56	58
11 57	30
11 60	59
11 61	69
11 62	12
11 65	38
11 66	9
11 67	15
11 68	19
11 69	8
12 0	39
12 1	19
12 2	42
12 3	43
12 4	59
12 5	45
12 6	69
12 7	44
12 8	33
12 9	36
12 11	14
12 13	60
12 15	8
12 16	7
12 17	3
12 19	10
12 20	1
12 22	51
12 23	49
12 24	22
12 25	23
12 26	37
12 27	66
12 28	34
12 29	41
12 30	38
12 32	12
12 33	48
12 34	24
12 36	6
12 37	57
12 38	27
12 39	31
12 40	13
12 41	58
12 42	26
12 43	40
12 44	50
12 46	52
12 47	62
12 48	17
12 50	68
12 51	20
12 52	5
12 53	9
12 54	35
12 55	67
12 56	2
12 57	16
12 58	28
12 59	63
12 60	32
12 61	47
12 62	56
12 63	46
12 64	18
12 65	25
12 68	29
13 0	49
13 1	26
13 3	32
13 4	18
13 5	35
13 7	50
13 8	40
13 9	55
13 10	52
13 13	36
13 14	67
13 16	27
13 17	38
13 18	56
13 19	24
13 22	43
13 24	0
13 25	53
13 26	9
13 27	5
13 28	54
13 29	15
13 30	46
13 31	2
13 33	47
13 35	61
13 37	23
13 38	10
13 39	41
13 40	30
13 42	4
13 43	66
13 44	6
13 45	39
13 46	29
13 47	51
13 49	28
13 51	63
13 52	20
13 53	19
13 54	1
13 55	60
13 56	42
13 58	13
13 59	25
13 62	37
13 64	45
13 65	7
13 67	16
13 68	11
13 69	31
14 0	15
14 3	65
14 4	27
14 6	0
14 7	43
14 8	28
14 9	14
14 10	56
14 12	49
14 13	69
14 14	41
14 15	17
14 16	57
14 18	55
14 19	25
14 20	19
14 22	4
14 23	58
14 24	33
14 25	45
14 26	61
14 28	36
14 29	3
14 30	34
14 31	26
14 32	18
14 33	9
14 34	35
14 35	6
14 36	52
14 37	29
14 38	16
14 39	51
14 40	21
14 41	60
14 42	53
14 43	22
14 45	13
14 46	48
14 47	67
14 49	7
14 50	2
14 51	8
14 52	38
14 53	37
14 54	30
14 55	42
14 57	64
14 58	54
14 59	24
14 60	11
14 61	23
14 62	46
14 63	62
14 64	20
14 65	5
14 66	39
14 67	44
14 68	40
14 69	12
15 0	33
15 1	21
15 2	59
15 3	16
15 4	63
15 5	39
15 6	56
15 7	27
15 8	5
15 9	52
15 10	19
15 11	51
15 12	45
15 13	32
15 14	12
15 15	1
15 16	44
15 17	7
15 18	43
15 19	60
15 20	40
15 21	64
15 22	62
15 24	46
15 25	50
15 28	8
15 29	14
15 30	3
15 31	31
15 32	58
15 33	68
15 35	42
15 36	67
15 37	41
15 38	15
15 40	55
15 41	36
15 42	11
15 43	35
15 44	25
15 45	65
15 46	47
15 47	38
15 48	29
15 49	34
15 51	9
15 52	57
15 53	22
15 57	28
15 58	26
15 59	49
15 60	4
15 61	2
15 62	6
15 63	53
15 64	61
15 67	23
15 69	66
16 0	6
16 1	39
16 2	58
16 3	25
16 4	57
16 5	3
16 6	67
16 8	44
16 9	5
16 11	69
16 12	10
16 13	42
16 14	38
16 15	64
16 16	34
16 17	45
16 18	50
16 19	56
16 22	36
16 23	7
16 24	49
16 25	2
16 26	40
16 27	52
16 28	59
16 30	31
16 32	9
16 34	51
16 35	20
16 36	1
16 38	33
16 39	12
16 40	11
16 41	13
16 42	41
16 43	19
16 44	4
16 45	63
16 48	47
16 49	26
16 50	27
16 51	54
16 52	48
16 53	65
16 54	14
16 56	18
16 57	29
16 60	55
16 61	46
16 63	35
16 68	60
16 69	0
17 2	38
17 3	66
17 4	64
17 5	40
17 6	51
17 7	45
17 8	18
17 9	44
17 10	3
17 13	23
17 14	14
17 15	27
17 16	46
17 17	25
17 19	48
17 20	59
17 21	21
17 23	65
17 24	11
17 25	47
17 27	1
17 28	29
17 30	7
17 31	16
17 32	43
17 33	15
17 35	69
17 36	9
17 37	36
17 38	13
17 39	32
17 40	50
17 42	54
17 43	8
17 44	57
17 45	28
17 46	62
17 47	60
17 49	41
17 51	26
17 52	30
17 55	34
17 56	0
17 57	42
17 58	37
17 59	22
17 60	10
17 61	55
17 62	61
17 65	6
17 66	5
17 68	35
17 69	56
18 0	67
18 1	63
18 2	24
18 3	69
18 4	10
18 5	59
18 7	65
18 8	6
18 9	56
18 11	47
18 12	2
18 13	4
18 14	18
18 16	42
18 17	15
18 18	40
18 19	35
18 20	14
18 21	38
18 22	44
18 23	11
18 26	60
18 27	64
18 28	39
18 29	19
18 30	12
18 31	5
18 32	37
18 33	41
18 34	31
18 38	66
18 39	46
18 40	16
18 42	13
18 43	45
18 44	22
18 46	58
18 47	7
18 48	9
18 49	29
18 50	25
18 51	1
18 52	68
18 53	54
18 55	28
18 56	36
18 57	52
18 58	50
18 59	48
18 60	20
18 61	53
18 62	32
18 63	49
18 64	21
18 65	33
18 66	26
18 67	8
18 68	34
18 69	51
19 1	17
19 2	41
19 3	34
19 4	45
19 6	42
19 7	14
19 8	12
19 9	30
19 10	54
19 11	55
19 12	25
19 13	39
19 14	31
19 15	59
19 16	49
19 17	68
19 18	28
19 20	0
19 21	16
19 23	8
19 24	40
19 27	9
19 28	13
19 29	1
19 32	26
19 33	65
19 34	66
19 35	37
19 36	38
19 37	58
19 38	24
19 39	6
19 40	51
19 41	64
19 42	36
19 45	3
19 46	2
19 47	10
19 49	35
19 50	11
19 51	23
19 52	63
19 53	57
19 54	19
19 56	52
19 57	20
19 58	15
19 59	62
19 61	22
19 62	43
19 63	27
19 64	48
19 65	4
19 66	69
19 67	67
19 68	44
19 69	61
20 1	33
20 2	28
20 3	62
20 7	36
20 9	39
20 10	42
20 11	59
20 13	16
20 14	48
20 15	49
20 17	6
20 18	58
20 19	69
20 20	51
20 22	10
20 23	57
20 24	7
20 26	35
20 27	47
20 28	55
20 29	65
20 30	52
20 31	60
20 32	8
20 33	23
20 34	22
20 35	38
20 36	15
20 37	25
20 38	68
20 39	24
20 40	4
20 41	45
20 42	37
20 44	41
20 45	66
20 46	61
20 47	19
20 48	20
20 49	30
20 51	44
20 52	27
20 53	56
20 54	13
20 55	1
20 56	54
20 57	18
20 59	34
20 60	43
20 63	63
20 64	9
20 65	64
20 66	12
20 67	11
20 68	32
21 0	52
21 1	44
21 2	5
21 3	23
21 4	15
21 5	57
21 8	37
21 9	25
21 10	38
21 11	48
21 12	54
21 13	17
21 14	69
21 15	68
21 16	13
21 17	61
21 18	8
21 19	16
21 20	18
21 21	28
21 22	65
21 23	45
21 24	10
21 25	11
21 26	33
21 27	60
21 28	32
21 29	67
21 30	51
21 31	3
21 32	34
21 33	35
21 34	14
21 35	19
21 36	27
21 37	42
21 39	47
21 41	66
21 42	31
21 43	39
21 44	56
21 45	0
21 46	20
21 47	59
21 50	1
21 51	22
21 52	26
21 54	24
21 55	50
21 56	12
21 57	9
21 58	41
21 59	30
21 60	36
21 61	64
21 62	40
21 63	58
21 64	62
21 65	43
21 68	6
21 69	21
22 0	26
22 1	11
22 2	63
22 3	58
22 4	14
22 6	7
22 7	25
22 8	62
22 9	54
22 10	10
22 11	56
22 12	51
22 13	2
22 15	6
22 18	20
22 19	53
22 20	36
22 21	68
22 22	15
22 25	19
22 26	23
22 27	38
22 28	42
22 29	69
22 30	50
22 32	28
22 34	12
22 35	29
22 36	17
22 37	52
22 38	65
22 39	27
22 41	39
22 42	0
22 44	30
22 46	57
22 47	40
22 48	44
22 50	31
22 51	59
22 54	49
22 55	43
22 56	5
22 57	21
22 60	67
22 61	8
22 62	55
22 63	64
22 64	60
22 65	16
22 66	35
22 67	22
22 69	34
23 0	41
23 2	46
23 4	36
23 6	31
23 7	19
23 8	68
23 11	13
23 15	16
23 16	55
23 19	22
23 20	20
23 21	25
23 22	27
23 23	26
23 24	47
23 26	44
23 27	28
23 28	7
23 29	37
23 32	64
23 33	21
23 34	1
23 35	66
23 36	61
23 39	2
23 40	60
23 41	57
23 42	15
23 43	42
23 44	52
23 45	53
23 46	12
23 48	6
23 50	51
23 51	56
23 52	62
23 53	0
23 55	3
23 56	29
23 57	17
23 58	59
23 59	45
23 60	9
23 61	18
23 62	33
23 63	48
23 64	50
23 65	35
23 66	23
23 67	32
23 68	38
23 69	49
24 0	2
24 1	65
24 3	21
24 4	51
24 5	55
24 6	25
24 7	22
24 8	41
24 9	3
24 11	32
24 13	33
24 14	56
24 15	10
24 16	62
24 17	43
24 18	52
24 19	5
24 20	29
24 21	18
24 22	61
24 23	37
24 24	1
24 25	42
24 27	7
24 28	28
24 29	48
24 30	14
24 31	27
24 32	60
24 33	0
24 34	54
24 35	63
24 36	39
24 37	26
24 38	8
24 39	67
24 40	59
24 41	50
24 42	38
24 43	64
24 44	19
24 47	15
24 48	36
24 49	4
24 50	40
24 51	53
24 52	11
24 53	6
24 54	16
24 55	47
24 56	69
24 58	9
24 59	20
24 60	35
24 62	13
24 63	57
24 64	44
24 66	30
24 67	24
24 68	66
24 69	23
25 1	59
25 2	61
25 3	56
25 4	35
25 5	7
25 7	40
25 8	17
25 10	29
25 13	10
25 14	46
25 15	19
25 16	20
25 17	60
25 18	22
25 19	49
25 20	8
25 22	54
25 23	2
25 25	21
25 26	3
25 27	0
25 28	44
25 29	68
25 30	36
25 31	58
25 32	42
25 33	27
25 34	25
25 35	55
25 36	23
25 37	5
25 39	53
25 40	52
25 41	65
25 42	69
25 43	50
25 44	45
25 47	24
25 48	11
25 51	57
25 52	67
25 54	63
25 55	38
25 56	16
25 57	31
25 58	1
25 59	39
25 60	48
25 61	13
25 62	4
25 64	41
25 65	51
25 66	34
25 67	6
25 69	62
26 1	34
26 3	20
26 4	28
26 5	52
26 6	49
26 7	10
26 8	23
26 9	19
26 10	39
26 12	65
26 13	27
26 14	64
26 15	41
26 17	57
26 18	63
26 19	51
26 21	26
26 22	38
26 24	30
26 25	55
26 26	43
26 27	33
26 29	50
26 30	16
26 31	62
26 32	17
26 33	25
26 36	46
26 37	59
26 38	60
26 39	37
26 41	47
26 42	9
26 43	13
26 45	24
26 47	53
26 48	35
26 49	40
26 50	3
26 51	15
26 52	7
26 53	42
26 54	6
26 55	68
26 58	11
26 59	4
26 60	54
26 63	1
26 64	14
26 65	8
26 66	36
26 67	56
26 69	67
27 0	55
27 1	16
27 2	39
27 3	51
27 4	8
27 5	28
27 6	9
27 7	34
27 9	23
27 12	63
27 13	59
27 15	24
27 16	47
27 17	2
27 18	31
27 19	17
27 20	13
27 21	0
27 22	57
27 23	66
27 24	12
27 26	64
27 27	27
27 28	43
27 29	58
27 30	6
27 31	42
27 32	61
27 33	50
27 34	46
27 35	53
27 36	56
27 37	11
27 38	40
27 41	18
27 43	4
27 45	52
27 46	19
27 47	65
27 48	26
27 49	54
27 50	45
27 51	67
27 52	36
27 53	35
27 54	33
27 55	21
27 57	25
27 58	38
27 59	69
27 60	37
27 61	68
27 62	3
27 63	5
27 65	41
27 66	32
27 68	62
27 69	22
28 0	35
28 2	23
28 4	46
28 5	36
28 6	2
28 7	29
28 8	52
28 9	34
28 10	12
28 11	19
28 12	50
28 13	11
28 14	26
28 16	43
28 17	33
28 18	16
28 19	68
28 20	67
28 21	7
28 22	59
28 23	24
28 25	25
28 26	39
28 27	18
28 28	66
28 29	30
28 30	27
28 31	4
28 33	69
28 34	62
28 35	22
28 36	31
28 37	28
28 42	20
28 43	55
28 46	6
28 47	32
28 48	10
28 49	17
28 50	37
28 52	45
28 53	1
28 55	61
28 56	49
28 57	58
28 58	47
28 59	38
28 60	5
28 61	14
28 62	15
28 63	60
28 64	54
28 65	42
28 66	44
28 68	41
28 69	63
29 0	51
29 4	5
29 5	26
29 7	42
29 9	40
29 12	6
29 13	28
29 16	30
29 17	64
29 20	25
29 21	52
29 22	32
29 23	0
29 24	37
29 25	41
29 26	34
29 27	2
29 28	69
29 29	45
29 30	49
29 31	38
29 32	56
29 33	19
29 34	57
29 35	24
29 36	50
29 37	55
29 40	47
29 41	46
29 42	29
29 43	15
29 44	13
29 45	54
29 46	36
29 47	20
29 48	67
29 49	22
29 50	59
29 51	12
29 52	58
29 53	39
29 55	10
29 57	27
29 58	16
29 59	11
29 61	35
29 62	44
29 63	8
29 65	61
29 67	65
29 68	7
29 69	1
30 1	43
30 2	17
30 3	4
30 4	68
30 5	54
30 6	62
30 7	48
30 8	1
30 9	32
30 10	45
30 11	50
30 12	66
30 13	51
30 15	40
30 16	28
30 17	0
30 18	35
30 19	20
30 22	55
30 24	58
30 25	7
30 26	47
30 27	65
30 28	67
30 30	18
30 32	30
30 33	34
30 35	16
30 36	24
30 37	27
30 39	3
30 41	21
30 42	8
30 44	42
30 45	61
30 46	38
30 47	13
30 50	10
30 52	37
30 55	53
30 56	46
30 57	56
30 58	22
30 59	31
30 60	69
30 61	44
30 62	41
30 63	15
30 64	11
30 65	19
30 66	49
30 67	52
30 68	36
30 69	60
31 0	23
31 1	42
31 3	54
31 6	58
31 8	25
31 9	21
31 12	31
31 13	19
31 17	17
31 19	0
31 21	35
31 22	41
31 24	52
31 25	39
31 26	53
31 28	56
31 29	7
31 32	65
31 33	10
31 34	61
31 35	28
31 37	34
31 38	1
31 39	59
31 40	24
31 41	9
31 42	3
31 43	68
31 44	60
31 45	37
31 46	32
31 49	12
31 50	43
31 51	55
31 52	40
31 53	51
31 54	29
31 56	64
31 57	45
31 58	49
31 59	13
31 61	20
31 62	57
31 63	47
31 64	16
31 65	62
31 66	63
31 67	4
31 68	2
31 69	27
32 0	10
32 1	3
32 2	31
32 3	59
32 4	6
32 5	25
32 6	15
32 7	32
32 8	21
32 9	49
32 12	67
32 13	64
32 14	7
32 16	39
32 18	54
32 19	36
32 20	60
32 21	2
32 24	35
32 26	41
32 27	4
32 28	46
32 29	57
32 30	19
32 31	13
32 33	51
32 34	18
32 35	40
32 39	34
32 40	8
32 42	47
32 43	52
32 44	29
32 45	20
32 46	16
32 47	23
32 48	53
32 50	24
32 51	42
32 52	9
32 53	30
32 54	5
32 55	17
32 56	37
32 57	69
32 58	33
32 61	28
32 62	22
32 64	66
32 65	68
32 67	14
32 68	26
32 69	50
33 1	50
33 3	60
33 4	32
33 5	20
33 6	47
33 7	62
33 8	0
33 9	28
33 10	4
33 11	6
33 12	37
33 13	43
33 14	61
33 16	26
33 18	11
33 19	55
33 20	45
33 23	39
33 24	44
33 26	42
33 28	21
33 29	52
33 30	54
33 31	66
33 32	19
33 33	2
33 34	36
33 35	9
33 36	5
33 38	3
33 39	30
33 40	35
33 42	17
33 43	16
33 44	69
33 45	22
33 46	14
33 47	27
33 48	40
33 49	46
33 51	7
33 54	67
33 55	64
33 57	51
33 58	63
33 59	1
33 61	10
33 63	12
33 64	15
33 66	13
33 67	25
33 68	57
33 69	53
34 0	32
34 1	46
34 2	25
34 3	61
34 5	49
34 6	66
34 8	15
34 9	64
34 11	26
34 13	48
34 14	2
34 15	28
34 16	52
34 17	16
34 19	58
34 20	50
34 21	53
34 22	24
34 25	62
34 26	36
34 28	11
34 29	38
34 30	35
34 31	8
34 32	45
34 33	6
34 34	29
34 35	44
34 37	4
34 38	0
34 40	43
34 41	51
34 44	18
34 45	42
34 46	10
34 47	14
34 48	54
34 49	31
34 50	57
34 51	69
34 52	21
34 53	13
34 55	33
34 56	22
34 58	27
34 59	3
34 60	12
34 63	17
34 64	67
34 65	60
34 66	56
34 67	63
34 68	37
34 69	20
35 0	48
35 1	18
35 2	37
35 3	44
35 4	50
35 5	11
35 6	14
35 7	55
35 8	27
35 9	7
35 10	67
35 12	5
35 13	35
35 14	59
35 16	58
35 17	13
35 18	62
35 19	3
35 20	15
35 21	6
35 22	25
35 23	12
35 24	17
35 25	22
35 26	16
35 27	41
35 29	64
35 30	30
35 32	66
35 33	45
35 35	31
35 36	60
35 37	33
35 38	39
35 40	69
35 42	61
35 43	51
35 44	40
35 45	47
35 46	53
35 47	68
35 49	21
35 50	38
35 51	2
35 52	65
35 54	42
35 55	20
35 56	26
35 57	54
35 58	52
35 60	0
35 61	43
35 62	19
35 63	34
35 64	63
35 65	9
35 66	57
35 67	29
35 68	8
35 69	4
36 0	62
36 3	68
36 5	0
36 6	50
36 7	21
36 8	56
36 9	4
36 10	51
36 11	9
36 12	8
36 14	19
36 15	67
36 16	38
36 18	10
36 19	12
36 20	32
36 21	58
36 22	35
36 23	42
36 24	34
36 25	15
36 26	27
36 27	24
36 29	16
36 30	59
36 31	63
36 34	33
36 35	52
36 36	18
36 38	41
36 39	69
36 40	40
36 41	6
36 42	5
36 44	49
36 47	44
36 48	65
36 49	66
36 50	7
36 52	3
36 53	14
36 54	20
36 55	36
36 57	43
36 58	31
36 59	23
36 60	17
36 61	54
36 62	64
36 64	39
36 65	46
36 67	60
36 68	1
36 69	29
37 1	36
37 2	33
37 3	1
37 6	52
37 8	29
37 9	63
37 10	57
37 11	53
37 12	28
37 13	8
37 14	51
37 15	65
37 16	32
37 17	20
37 18	42
37 19	38
37 20	49
37 21	14
37 22	40
37 23	69
37 24	60
37 25	6
37 27	56
37 28	64
37 30	47
37 31	37
37 32	23
37 33	16
37 34	5
37 35	10
37 36	58
37 38	31
37 39	15
37 43	0
37 44	21
37 45	4
37 46	26
37 48	39
37 49	59
37 50	50
37 51	62
37 52	61
37 54	3
37 55	30
37 56	68
37 57	66
37 58	24
37 60	18
37 61	12
37 62	11
37 63	13
37 64	34
37 65	67
37 66	46
37 67	43
37 68	25
37 69	45
38 0	28
38 1	38
38 2	32
38 3	12
38 4	53
38 7	47
38 8	45
38 9	50
38 10	7
38 11	37
38 12	14
38 14	30
38 15	13
38 16	24
38 18	36
38 19	42
38 22	8
38 24	59
38 26	48
38 28	60
38 29	55
38 30	61
38 31	64
38 32	31
38 33	3
38 34	4
38 36	43
38 37	35
38 38	19
38 40	23
38 41	69
38 42	34
38 43	5
38 44	65
38 47	11
38 50	18
38 51	51
38 52	49
38 53	26
38 54	10
38 56	17
38 57	6
38 58	21
38 59	15
38 61	62
38 62	0
38 63	54
38 64	58
38 65	56
38 66	68
38 67	39
38 68	9
38 69	2
39 0	9
39 1	57
39 2	4
39 3	7
39 4	33
39 5	37
39 6	46
39 8	31
39 9	27
39 11	15
39 13	25
39 17	35
39 18	49
39 19	1
39 21	56
39 22	6
39 23	60
39 24	32
39 26	8
39 27	29
39 28	48
39 29	34
39 30	62
39 31	53
39 33	59
39 34	28
39 36	45
39 37	13
39 38	38
39 39	64
39 40	19
39 41	20
39 42	22
39 44	14
39 45	44
39 46	40
39 47	69
39 48	30
39 49	2
39 50	42
39 51	58
39 52	0
39 54	41
39 55	63
39 56	23
39 57	65
39 58	39
39 59	52
39 61	21
39 63	66
39 64	51
39 65	55
39 66	43
39 68	67
39 69	17
40 0	58
40 1	10
40 4	62
40 5	69
40 9	8
40 10	47
40 14	49
40 16	45
40 17	50
40 18	48
40 19	19
40 21	20
40 22	64
40 25	5
40 26	65
40 27	67
40 28	25
40 30	68
40 31	55
40 32	6
40 33	24
40 34	16
40 35	34
40 36	57
40 37	60
40 38	21
40 40	9
40 41	12
40 42	14
40 43	17
40 44	23
40 46	46
40 47	61
40 48	42
40 49	37
40 50	52
40 51	66
40 52	53
40 53	43
40 54	28
40 55	26
40 56	30
40 57	59
40 58	18
40 60	44
40 61	40
40 63	41
40 64	38
40 65	32
40 66	4
40 67	7
40 68	39
40 69	3
41 0	42
41 1	37
41 2	54
41 3	48
41 4	43
41 5	68
41 6	38
41 7	0
41 9	16
41 10	59
41 11	2
41 12	61
41 13	57
41 14	20
41 15	52
41 16	69
41 17	53
41 21	8
41 22	31
41 23	34
41 24	62
41 25	64
41 27	26
41 29	5
41 30	17
41 31	6
41 32	10
41 33	67
41 34	65
41 35	14
41 37	24
41 38	7
41 39	39
41 40	46
41 41	22
41 42	23
41 43	27
41 45	12
41 47	1
41 49	33
41 50	28
41 51	4
41 53	58
41 54	11
41 55	51
41 56	40
41 58	25
41 59	44
41 60	15
41 61	41
41 62	60
41 63	18
41 64	35
41 66	45
41 67	50
41 68	56
41 69	19
42 0	20
42 2	13
42 3	33
42 4	25
42 6	24
42 8	26
42 9	0
42 11	11
42 12	7
42 13	18
42 14	17
42 15	34
42 16	22
42 18	29
42 19	64
42 21	41
42 22	63
42 23	44
42 24	21
42 25	52
42 26	55
42 28	57
42 29	39
42 31	9
42 32	4
42 34	2
42 38	67
42 39	43
42 40	56
42 41	28
42 42	45
42 43	23
42 44	62
42 45	19
42 46	49
42 47	12
42 48	16
42 51	60
42 52	59
42 53	69
42 54	27
42 55	46
42 56	35
42 58	68
42 60	42
42 62	48
42 64	30
42 65	65
42 66	10
42 67	31
42 68	61
42 69	58
43 0	64
43 1	14
43 2	36
43 3	24
43 4	19
43 5	56
43 6	55
43 7	23
43 8	47
43 11	20
43 12	40
43 13	26
43 14	53
43 15	35
43 16	63
43 17	66
43 19	15
43 20	10
43 21	49
43 22	11
43 23	6
43 24	2
43 25	54
43 26	12
43 28	51
43 30	65
43 31	34
43 33	8
43 34	7
43 35	59
43 36	37
43 37	1
43 39	38
43 40	17
43 41	0
43 42	67
43 43	60
43 45	16
43 46	68
43 47	3
43 48	22
43 51	31
43 53	52
43 55	45
43 56	4
43 58	48
43 59	61
43 61	42
43 62	25
43 65	21
43 66	50
43 67	18
43 69	28
44 0	63
44 2	45
44 3	38
44 4	49
44 5	53
44 6	19
44 7	60
44 8	66
44 9	59
44 11	42
44 12	26
44 13	55
44 14	43
44 15	5
44 16	68
44 17	22
44 18	18
44 19	21
44 21	36
44 22	16
44 23	56
44 24	61
44 27	11
44 29	27
44 30	29
44 31	46
44 32	35
44 33	40
44 34	13
44 35	23
44 36	20
44 37	17
44 38	58
44 39	28
44 40	3
44 41	41
44 42	6
44 43	2
44 44	8
44 45	34
44 46	31
44 47	39
44 48	12
44 49	62
44 50	67
44 51	10
44 53	7
44 54	54
44 57	24
44 58	57
44 59	9
44 60	64
44 61	25
44 62	47
44 63	4
44 65	30
44 67	0
44 68	14
44 69	52
45 1	40
45 2	64
45 4	30
45 6	57
45 7	63
45 8	35
45 9	60
45 10	37
45 11	52
45 13	65
45 14	4
45 15	43
45 18	27
45 19	41
45 20	39
45 21	59
45 23	62
45 24	9
45 27	16
45 29	54
45 31	0
45 32	69
45 33	55
45 34	53
45 35	3
45 36	7
45 38	36
45 40	22
45 41	2
45 42	28
45 43	1
45 44	33
45 45	68
45 46	66
45 48	8
45 49	51
45 50	15
45 51	18
45 52	42
45 53	61
45 54	45
45 55	14
45 56	25
45 57	48
45 60	23
45 63	20
45 64	13
45 69	6
46 0	47
46 1	41
46 2	7
46 3	39
46 4	21
46 5	9
46 6	12
46 7	3
46 8	14
46 9	6
46 10	1
46 11	36
46 12	44
46 14	65
46 15	51
46 16	15
46 17	56
46 18	23
46 19	54
46 20	42
46 22	5
46 23	30
46 24	68
46 25	28
46 26	29
46 27	59
46 28	38
46 29	53
46 30	24
46 33	52
46 34	64
46 36	11
46 37	62
46 38	35
46 39	4
46 40	18
46 42	57
46 44	16
46 45	17
46 46	0
46 47	46
46 48	58
46 49	43
46 50	48
46 52	55
46 53	34
46 54	2
46 55	49
46 56	67
46 58	19
46 59	26
46 60	60
46 61	31
46 62	63
46 63	45
46 64	69
46 65	40
46 67	33
46 68	13
47 0	1
47 3	29
47 4	39
47 5	8
47 6	23
47 7	56
47 8	30
47 9	48
47 10	20
47 11	62
47 14	9
47 15	4
47 16	50
47 17	49
47 18	46
47 19	18
47 20	58
47 22	19
47 23	13
47 25	68
47 26	26
47 28	52
47 29	12
47 30	41
47 31	43
47 32	47
47 33	57
47 34	0
47 35	5
47 37	65
47 39	45
47 40	34
47 41	35
47 42	55
47 43	67
47 44	31
47 45	10
47 46	3
47 47	28
47 49	16
47 50	14
47 51	6
47 54	53
47 55	7
47 56	63
47 57	2
47 58	61
47 59	59
47 61	38
47 62	54
47 64	22
47 65	44
47 67	17
47 69	24
48 0	12
48 1	64
48 2	62
48 3	8
48 4	31
48 5	21
48 6	54
48 7	39
48 8	49
48 9	66
48 10	22
48 11	7
48 12	15
48 13	61
48 14	35
48 15	2
48 16	53
48 17	18
48 18	37
48 19	34
48 20	46
48 22	9
48 23	67
48 24	42
48 25	58
48 26	20
48 27	43
48 28	27
48 29	23
48 33	60
48 34	11
48 35	47
48 36	25
48 37	3
48 38	59
48 39	19
48 40	28
48 42	32
48 43	24
48 44	44
48 45	1
48 46	56
48 47	52
48 48	38
48 50	33
48 51	50
48 54	0
48 55	40
48 56	14
48 60	6
48 61	16
48 62	26
48 64	68
48 66	48
48 67	13
48 68	10
48 69	55
49 0	54
49 1	22
49 2	19
49 4	58
49 5	64
49 6	26
49 7	8
49 8	3
49 9	31
49 10	35
49 11	65
49 12	16
49 13	24
49 15	15
49 16	6
49 17	12
49 18	57
49 19	52
49 21	42
49 22	7
49 23	25
49 24	20
49 26	50
49 27	51
49 29	44
49 30	9
49 31	45
49 32	59
49 33	13
49 34	32
49 35	46
49 36	28
49 37	2
49 39	61
49 42	18
49 43	63
49 44	68
49 45	43
49 46	37
49 47	0
49 48	66
49 49	67
49 50	4
49 51	34
49 53	38
49 54	48
49 55	23
49 56	33
49 57	62
49 59	60
49 60	56
49 61	11
49 62	53
49 63	30
49 64	40
49 65	10
49 66	1
49 67	5
49 68	21
49 69	47
50 0	16
50 2	60
50 3	57
50 4	38
50 6	65
50 7	69
50 8	34
50 9	1
50 10	32
50 11	41
50 12	56
50 13	9
50 14	37
50 16	23
50 17	46
50 18	24
50 19	45
50 20	64
50 21	12
50 23	21
50 24	4
50 25	43
50 26	31
50 28	30
50 29	18
50 31	15
50 32	14
50 34	8
50 36	40
50 37	47
50 38	17
50 40	61
50 41	10
50 42	52
50 43	53
50 44	27
50 46	11
50 47	66
50 48	59
50 50	35
50 51	29
50 52	25
50 53	5
50 56	62
50 57	44
50 58	3
50 59	42
50 60	39
50 61	63
50 62	49
50 63	67
50 64	6
50 65	58
50 66	33
50 67	68
50 68	22
51 2	20
51 3	14
51 4	11
51 5	22
51 6	44
51 7	57
51 8	10
51 9	67
51 10	0
51 12	62
51 13	63
51 14	39
51 16	65
51 17	23
51 18	9
51 19	31
51 20	26
51 21	69
51 22	48
51 23	3
51 24	51
51 25	35
51 26	4
51 27	58
51 28	17
51 29	47
51 30	15
51 32	25
51 33	64
51 35	1
51 36	2
51 37	45
51 38	28
51 39	21
51 40	32
51 41	42
51 42	19
51 43	29
51 46	33
51 47	54
51 48	52
51 49	53
51 50	16
51 51	13
51 52	34
51 53	68
51 54	50
51 55	8
51 58	36
51 59	46
51 60	40
51 61	24
51 62	59
51 63	61
51 64	37
51 66	18
51 67	38
51 68	43
51 69	41
52 0	18
52 1	69
52 3	42
52 5	65
52 6	17
52 7	6
52 8	57
52 9	13
52 10	63
52 11	4
52 12	1
52 13	3
52 15	55
52 17	47
52 18	41
52 19	2
52 21	43
52 22	28
52 24	29
52 25	67
52 26	7
52 27	53
52 28	62
52 29	59
52 30	40
52 31	14
52 32	51
52 33	33
52 34	19
52 35	26
52 36	54
52 37	44
52 38	12
52 39	22
52 40	58
52 41	34
52 42	25
52 43	46
52 44	24
52 45	32
52 47	21
52 48	37
52 49	15
52 50	60
52 51	64
52 52	10
52 53	45
52 54	31
52 56	8
52 58	20
52 59	66
52 61	49
52 62	39
52 63	36
52 64	27
52 65	0
52 66	52
52 67	48
52 68	50
52 69	30
53 0	8
53 1	24
53 3	5
53 4	69
53 5	16
53 6	40
53 7	58
53 8	13
53 9	53
53 10	6
53 11	49
53 12	34
53 13	41
53 14	21
53 16	12
53 17	30
53 18	67
53 19	47
53 20	43
53 21	1
53 23	4
53 24	64
53 27	31
53 28	61
53 29	9
53 30	20
53 31	48
53 32	32
53 33	11
53 36	33
53 37	66
53 38	54
53 39	0
53 41	37
53 43	28
53 44	17
53 45	59
53 46	35
53 49	60
53 51	19
53 52	39
53 53	2
53 54	68
53 55	65
53 56	3
53 57	10
53 58	29
53 59	7
53 60	63
53 62	36
53 63	23
53 64	46
53 65	18
53 66	55
53 67	26
53 68	15
53 69	44
54 0	25
54 1	35
54 2	1
54 3	27
54 4	13
54 5	29
54 6	8
54 7	15
54 8	39
54 9	2
54 11	34
54 12	57
54 13	21
54 14	45
54 15	30
54 17	52
54 18	65
54 19	67
54 20	23
54 22	46
54 23	28
54 25	9
54 26	10
54 29	42
54 30	66
54 31	54
54 32	36
54 33	63
54 34	60
54 35	4
54 36	41
54 37	40
54 38	20
54 39	49
54 40	64
54 41	19
54 42	43
54 44	59
54 45	69
54 46	24
54 47	56
54 48	31
54 50	61
54 51	17
54 52	51
54 54	22
54 55	55
54 56	7
54 58	12
54 59	18
54 60	62
54 62	50
54 64	26
54 65	47
54 66	38
54 67	53
54 68	16
55 0	38
55 1	29
55 2	12
55 3	11
55 4	65
55 5	17
55 7	49
55 8	54
55 10	2
55 11	39
55 12	55
55 13	67
55 14	40
55 15	18
55 17	62
55 18	3
55 19	50
55 21	46
55 22	69
55 25	20
55 26	24
55 28	41
55 29	22
55 30	0
55 31	36
55 32	33
55 34	26
55 35	32
55 37	30
55 38	45
55 39	14
55 40	25
55 41	15
55 42	16
55 43	34
55 44	7
55 45	56
55 46	64
55 47	63
55 48	51
55 49	9
55 50	19
55 51	28
55 52	44
55 53	48
55 54	4
55 55	52
55 56	53
55 58	42
55 59	37
55 60	8
55 61	6
55 62	1
55 64	10
55 65	31
55 66	58
55 67	61
55 68	59
55 69	57
56 0	13
56 1	27
56 2	11
56 3	22
56 4	40
56 5	62
56 6	16
56 8	51
56 9	20
56 10	23
56 11	58
56 13	34
56 14	57
56 17	31
56 18	32
56 19	63
56 20	24
56 21	29
56 22	12
56 24	41
56 25	37
56 26	54
56 27	30
56 28	9
56 29	4
56 30	45
56 31	59
56 33	42
56 34	15
56 36	14
56 38	25
56 39	56
56 40	1
56 41	55
56 42	66
56 43	43
56 44	10
56 45	7
56 46	50
56 48	61
56 49	18
56 50	39
56 51	21
56 52	60
56 53	8
56 54	36
56 55	19
56 56	6
56 57	46
56 58	65
56 59	68
56 61	5
56 62	52
56 63	26
56 64	53
56 65	17
56 66	3
56 67	69
56 68	47
56 69	48
57 0	11
57 2	9
57 3	55
57 4	22
57 5	34
57 6	32
57 7	4
57 8	38
57 9	51
57 10	43
57 11	0
57 12	17
57 13	13
57 14	23
57 15	44
57 16	33
57 17	40
57 18	47
57 19	62
57 20	54
57 21	24
57 22	67
57 24	6
57 25	36
57 27	63
57 28	12
57 29	49
57 30	25
57 31	28
57 32	48
57 35	30
57 36	29
57 37	61
57 38	69
57 39	42
57 41	56
57 42	60
57 43	21
57 44	58
57 46	59
57 47	57
57 48	46
57 50	8
57 52	66
57 53	18
57 54	39
57 55	41
57 56	1
57 57	50
57 58	2
57 59	10
57 61	3
57 62	45
57 64	64
57 65	20
57 66	27
57 67	37
57 68	53
57 69	7
58 0	56
58 2	18
58 3	41
58 4	34
58 5	32
58 6	63
58 7	20
58 8	64
58 9	15
58 10	27
58 11	35
58 12	48
58 13	46
58 14	6
58 15	60
58 16	4
58 17	14
58 18	53
58 19	11
58 20	62
58 21	55
58 22	29
58 23	16
58 24	45
58 25	65
58 28	2
58 29	10
58 30	69
58 31	40
58 32	54
58 33	61
58 34	37
58 35	36
58 36	22
58 37	51
58 38	42
58 39	58
58 40	12
58 42	21
58 43	33
58 44	38
58 45	23
58 46	44
58 47	31
58 48	50
58 49	39
58 50	30
58 51	47
58 52	24
58 53	59
58 54	43
58 55	57
58 56	9
58 57	7
58 58	5
58 59	0
58 60	52
58 61	26
58 62	67
58 63	28
58 64	1
58 65	3
58 66	66
58 67	49
58 68	17
58 69	13
59 0	29
59 1	12
59 3	46
59 4	0
59 5	30
59 6	59
59 7	2
59 8	53
59 9	41
59 10	34
59 12	21
59 13	62
59 14	25
59 15	31
59 16	5
59 17	4
59 18	7
59 19	9
59 20	66
59 21	61
59 22	68
59 23	36
59 24	28
59 25	60
59 26	22
59 28	33
59 29	8
59 32	15
59 33	56
59 34	42
59 35	13
59 37	43
59 38	18
59 39	35
59 41	67
59 42	49
59 43	58
59 44	55
59 45	40
59 46	51
59 47	50
59 49	52
59 50	65
59 51	32
59 52	64
59 53	17
59 54	38
59 57	23
59 58	44
59 59	54
59 60	16
59 61	1
59 62	27
59 63	14
59 64	24
59 65	63
59 68	3
59 69	26
60 0	27
60 1	49
60 3	28
60 4	67
60 5	38
60 6	22
60 7	46
60 8	63
60 9	33
60 10	15
60 12	39
60 13	31
60 16	41
60 18	21
60 19	37
60 20	69
60 22	53
60 24	56
60 25	13
60 26	11
60 27	3
60 28	6
60 29	26
60 31	18
60 32	52
60 33	44
60 34	58
60 36	10
60 37	7
60 38	50
60 39	68
60 41	61
60 42	12
60 43	59
60 44	54
60 45	2
60 47	17
60 48	14
60 49	23
60 50	36
60 51	5
60 52	43
60 53	62
60 55	35
60 56	45
60 57	60
60 59	8
60 60	29
60 61	30
60 62	24
60 65	48
60 67	64
60 69	16
61 0	53
61 1	45
61 4	3
61 5	63
61 6	36
61 7	67
61 8	19
61 9	69
61 10	60
61 11	46
61 13	1
61 14	52
61 15	66
61 16	16
61 17	10
61 18	38
61 19	29
61 22	49
61 23	31
61 24	26
61 25	40
61 26	25
61 28	18
61 29	24
61 30	43
61 31	51
61 32	13
61 33	7
61 34	41
61 35	11
61 36	55
61 37	12
61 38	14
61 39	62
61 41	23
61 43	44
61 44	15
61 45	35
61 47	47
61 48	57
61 49	27
61 50	32
61 51	65
61 52	50
61 53	21
61 55	56
61 57	61
61 58	0
61 59	2
61 60	30
61 61	58
61 62	20
61 64	8
61 65	28
61 66	54
61 67	34
61 68	5
61 69	33
62 0	57
62 1	28
62 2	16
62 3	3
62 4	4
62 5	10
62 6	60
62 7	33
62 8	7
62 9	45
62 10	9
62 11	8
62 12	41
62 13	44
62 14	42
62 15	36
62 16	31
62 18	0
62 19	30
62 20	37
62 22	26
62 23	27
62 24	39
62 26	15
62 27	46
62 28	23
62 29	11
62 30	22
62 31	25
62 32	1
62 33	54
62 34	56
62 35	49
62 37	64
62 38	48
62 39	50
62 40	6
62 41	52
62 42	58
62 43	65
62 44	63
62 45	18
62 47	43
62 49	20
62 52	19
62 53	40
62 55	66
62 56	34
62 58	32
62 59	67
62 60	21
62 61	61
62 62	38
62 63	29
62 66	59
62 68	68
62 69	5
63 0	37
63 2	68
63 3	67
63 4	24
63 5	18
63 6	41
63 7	66
63 8	2
63 9	22
63 10	26
63 11	5
63 12	3
63 13	45
63 14	10
63 15	38
63 17	36
63 18	59
63 19	57
63 22	30
63 23	43
63 24	27
63 25	12
63 27	69
63 28	65
63 29	32
63 30	64
63 31	61
63 32	7
63 34	50
63 35	8
63 36	44
63 37	31
63 39	13
63 42	48
63 43	9
63 44	34
63 45	55
63 47	25
63 48	63
63 52	35
63 54	15
63 57	14
63 58	23
63 59	21
63 60	58
63 61	60
63 62	28
63 63	40
63 65	29
63 66	16
63 68	33
63 69	39
64 0	61
64 1	4
64 2	15
64 3	9
64 5	24
64 6	27
64 7	26
64 9	46
64 10	50
64 11	21
64 12	13
64 13	52
64 14	34
64 15	37
64 17	29
64 18	2
64 19	23
64 20	68
64 21	5
64 22	66
64 23	48
64 24	25
64 27	20
64 28	1
64 29	56
64 30	44
64 31	33
64 32	38
64 34	3
64 35	64
64 36	49
64 37	19
64 40	41
64 41	54
64 42	35
64 44	51
64 45	8
64 46	63
64 47	58
64 48	18
64 49	11
64 51	40
64 52	6
64 54	60
64 56	28
64 57	39
64 58	14
64 59	43
64 61	67
64 62	62
64 64	55
64 65	45
64 66	53
64 67	42
64 68	31
64 69	65
65 0	66
65 2	43
65 3	18
65 5	51
65 6	21
65 8	65
65 10	46
65 12	9
65 13	49
65 14	24
65 15	3
65 16	19
65 17	34
65 18	44
65 20	31
65 21	63
65 22	56
65 23	41
65 24	57
65 25	4
65 26	14
65 27	42
65 29	0
65 30	37
65 31	29
65 35	50
65 36	35
65 37	20
65 38	32
65 39	7
65 41	17
65 42	40
65 43	69
65 44	67
65 45	64
65 47	33
65 48	45
65 51	16
65 52	22
65 53	60
65 57	15
65 58	58
65 59	28
65 60	2
65 62	30
65 63	10
65 64	59
65 65	11
65 67	55
65 68	12
65 69	68
66 0	50
66 2	52
66 3	31
66 4	42
66 7	68
66 8	8
66 9	37
66 10	49
66 11	61
66 14	16
66 15	62
66 16	25
66 17	21
66 18	66
66 19	28
66 21	3
66 22	47
66 23	46
66 24	38
66 25	10
66 26	0
66 28	40
66 29	63
66 31	17
66 32	57
66 34	20
66 35	48
66 36	4
66 37	67
66 39	23
66 40	15
66 41	14
66 42	51
66 45	33
66 46	34
66 47	6
66 48	1
66 50	64
66 51	30
66 52	69
66 53	55
66 54	59
66 55	2
66 57	26
66 58	60
66 59	36
66 61	9
66 62	35
66 63	22
66 64	29
66 65	24
66 66	41
66 67	45
66 69	18
67 1	62
67 2	29
67 3	53
67 4	2
67 5	12
67 7	52
67 9	61
67 11	1
67 12	22
67 13	54
67 14	33
67 15	21
67 17	39
67 19	14
67 20	30
67 21	23
67 22	0
67 23	63
67 24	50
67 26	59
67 27	49
67 28	35
67 29	66
67 30	60
67 31	68
67 32	41
67 33	4
67 34	40
67 35	67
67 36	16
67 37	15
67 38	6
67 39	17
67 40	38
67 41	5
67 42	27
67 43	20
67 45	45
67 46	55
67 47	42
67 48	24
67 49	19
67 50	58
67 51	48
67 52	32
67 53	10
67 54	7
67 56	56
67 57	13
67 58	46
67 59	51
67 60	31
67 61	57
67 63	44
67 64	47
67 65	69
67 66	65
67 67	28
67 68	64
67 69	9
68 0	19
68 1	67
68 2	30
68 3	2
68 4	20
68 5	42
68 6	68
68 7	31
68 8	24
68 9	11
68 12	47
68 13	58
68 14	44
68 15	61
68 16	54
68 17	41
68 18	39
68 19	13
68 21	34
68 23	40
68 24	8
68 25	14
68 26	6
68 27	55
68 28	15
68 29	36
68 30	57
68 31	69
68 32	0
68 33	17
68 34	43
68 35	51
68 36	26
68 37	18
68 38	49
68 39	52
68 40	48
68 42	10
68 43	38
68 44	3
68 45	29
68 46	60
68 47	64
68 48	56
68 49	50
68 50	46
68 51	33
68 53	23
68 54	66
68 55	27
68 56	21
68 58	62
68 59	35
68 60	22
68 61	37
68 62	9
68 63	65
68 64	25
68 67	12
68 68	45
68 69	32
69 0	17
69 2	49
69 4	47
69 5	27
69 6	5
69 7	51
69 9	57
69 10	40
69 11	60
69 13	15
69 14	22
69 15	39
69 16	29
69 17	69
69 18	6
69 20	35
69 22	34
69 23	55
69 26	28
69 27	44
69 28	37
69 29	13
69 30	1
69 32	24
69 33	38
69 35	62
69 37	21
69 38	64
69 39	33
69 40	0
69 42	68
69 43	36
69 44	2
69 45	11
69 47	26
69 48	48
69 49	10
69 50	53
69 51	41
69 52	56
69 53	50
69 54	12
69 57	8
69 58	45
69 60	7
69 61	66
69 62	31
69 65	14
69 66	67
69 67	3
69 68	4
69 69	42
